xof 0303txt 0032
template ColorRGBA {
 <35ff44e0-6c7c-11cf-8f52-0040333594a3>
 FLOAT red;
 FLOAT green;
 FLOAT blue;
 FLOAT alpha;
}

template ColorRGB {
 <d3e16e81-7835-11cf-8f52-0040333594a3>
 FLOAT red;
 FLOAT green;
 FLOAT blue;
}

template Material {
 <3d82ab4d-62da-11cf-ab39-0020af71e433>
 ColorRGBA faceColor;
 FLOAT power;
 ColorRGB specularColor;
 ColorRGB emissiveColor;
 [...]
}

template TextureFilename {
 <a42790e1-7810-11cf-8f52-0040333594a3>
 STRING filename;
}

template Frame {
 <3d82ab46-62da-11cf-ab39-0020af71e433>
 [...]
}

template Matrix4x4 {
 <f6f23f45-7686-11cf-8f52-0040333594a3>
 array FLOAT matrix[16];
}

template FrameTransformMatrix {
 <f6f23f41-7686-11cf-8f52-0040333594a3>
 Matrix4x4 frameMatrix;
}

template Vector {
 <3d82ab5e-62da-11cf-ab39-0020af71e433>
 FLOAT x;
 FLOAT y;
 FLOAT z;
}

template MeshFace {
 <3d82ab5f-62da-11cf-ab39-0020af71e433>
 DWORD nFaceVertexIndices;
 array DWORD faceVertexIndices[nFaceVertexIndices];
}

template Mesh {
 <3d82ab44-62da-11cf-ab39-0020af71e433>
 DWORD nVertices;
 array Vector vertices[nVertices];
 DWORD nFaces;
 array MeshFace faces[nFaces];
 [...]
}

template MeshNormals {
 <f6f23f43-7686-11cf-8f52-0040333594a3>
 DWORD nNormals;
 array Vector normals[nNormals];
 DWORD nFaceNormals;
 array MeshFace faceNormals[nFaceNormals];
}

template MeshMaterialList {
 <f6f23f42-7686-11cf-8f52-0040333594a3>
 DWORD nMaterials;
 DWORD nFaceIndexes;
 array DWORD faceIndexes[nFaceIndexes];
 [Material <3d82ab4d-62da-11cf-ab39-0020af71e433>]
}

template IndexedColor {
 <1630b820-7842-11cf-8f52-0040333594a3>
 DWORD index;
 ColorRGBA indexColor;
}

template MeshVertexColors {
 <1630b821-7842-11cf-8f52-0040333594a3>
 DWORD nVertexColors;
 array IndexedColor vertexColors[nVertexColors];
}

template Coords2d {
 <f6f23f44-7686-11cf-8f52-0040333594a3>
 FLOAT u;
 FLOAT v;
}

template MeshTextureCoords {
 <f6f23f40-7686-11cf-8f52-0040333594a3>
 DWORD nTextureCoords;
 array Coords2d textureCoords[nTextureCoords];
}

template FVFData {
 <b6e70a0e-8ef9-4e83-94ad-ecc8b0c04897>
 DWORD dwFVF;
 DWORD nDWords;
 array DWORD data[nDWords];
}

template XSkinMeshHeader {
 <3cf169ce-ff7c-44ab-93c0-f78f62d172e2>
 WORD nMaxSkinWeightsPerVertex;
 WORD nMaxSkinWeightsPerFace;
 WORD nBones;
}

template SkinWeights {
 <6f0d123b-bad2-4167-a0d0-80224f25fabb>
 STRING transformNodeName;
 DWORD nWeights;
 array DWORD vertexIndices[nWeights];
 array FLOAT weights[nWeights];
 Matrix4x4 matrixOffset;
}

template Animation {
 <3d82ab4f-62da-11cf-ab39-0020af71e433>
 [...]
}

template AnimationSet {
 <3d82ab50-62da-11cf-ab39-0020af71e433>
 [Animation <3d82ab4f-62da-11cf-ab39-0020af71e433>]
}

template FloatKeys {
 <10dd46a9-775b-11cf-8f52-0040333594a3>
 DWORD nValues;
 array FLOAT values[nValues];
}

template TimedFloatKeys {
 <f406b180-7b3b-11cf-8f52-0040333594a3>
 DWORD time;
 FloatKeys tfkeys;
}

template AnimationKey {
 <10dd46a8-775b-11cf-8f52-0040333594a3>
 DWORD keyType;
 DWORD nKeys;
 array TimedFloatKeys keys[nKeys];
}


Material Material__78 {
 1.000000;1.000000;1.000000;1.000000;;
 3.200000;
 0.000000;0.000000;0.000000;;
 0.000000;0.000000;0.000000;;

 TextureFilename {
  "Longtusk_diff.tga";
 }
}

Frame Dummy_root {
 

 FrameTransformMatrix {
  1.000000,0.000000,0.000000,0.000000,0.000000,1.000000,0.000000,0.000000,0.000000,-0.000000,1.000000,0.000000,0.000000,0.000000,0.000000,1.000000;;
 }

 Frame Hips {
  

  FrameTransformMatrix {
   0.122017,-0.992528,0.000001,0.000000,0.991168,0.121850,0.052336,0.000000,-0.051945,-0.006385,0.998630,0.000000,-20.000000,19.915610,0.000302,1.000000;;
  }

  Frame Pelvis {
   

   FrameTransformMatrix {
    0.000000,1.000000,-0.000001,0.000000,-0.000002,0.000001,1.000000,0.000000,1.000000,-0.000000,0.000002,0.000000,0.010113,0.104818,0.000001,1.000000;;
   }

   Frame Spine {
    

    FrameTransformMatrix {
     0.999548,-0.017451,0.024481,0.000000,0.017446,0.999848,0.000418,0.000000,-0.024484,0.000010,0.999700,0.000000,5.531739,0.000012,0.296509,1.000000;;
    }

    Frame Spine1 {
     

     FrameTransformMatrix {
      0.991181,-0.017450,-0.131358,0.000000,0.017257,0.999848,-0.002608,0.000000,0.131384,0.000318,0.991332,0.000000,5.729074,-0.000005,-0.014032,1.000000;;
     }

     Frame Neck {
      

      FrameTransformMatrix {
       0.890701,0.026178,0.453835,0.000000,-0.023335,0.999658,-0.011865,0.000000,-0.453991,-0.000021,0.891007,0.000000,16.490808,0.000005,0.091795,1.000000;;
      }

      Frame LeftShoulder {
       

       FrameTransformMatrix {
        0.378007,0.807666,0.452534,0.000000,0.853386,-0.114462,-0.508558,0.000000,-0.358947,0.578424,-0.732518,0.000000,-3.300802,6.387237,3.750494,1.000000;;
       }

       Frame LeftArm {
        

        FrameTransformMatrix {
         0.124648,-0.554540,-0.822768,0.000000,0.767005,-0.472184,0.434449,0.000000,-0.629417,-0.685221,0.366479,0.000000,4.171764,0.000001,-0.000002,1.000000;;
        }

        Frame LeftForeArm {
         

         FrameTransformMatrix {
          0.817575,-0.000000,-0.575823,0.000000,-0.000000,1.000000,0.000000,0.000000,0.575823,0.000000,0.817575,0.000000,10.239966,-0.000001,0.000001,1.000000;;
         }

         Frame LeftHand {
          

          FrameTransformMatrix {
           0.969329,0.192165,0.153215,0.000000,-0.188712,0.981339,-0.036907,0.000000,-0.157447,0.006861,0.987504,0.000000,8.476627,0.000000,0.000000,1.000000;;
          }

          Frame FxHand00 {
           

           FrameTransformMatrix {
            0.007015,-0.366923,-0.930225,0.000000,-0.999969,0.000824,-0.007866,0.000000,0.003653,0.930252,-0.366906,0.000000,0.983002,-0.768735,-3.674115,1.000000;;
           }
          }
         }
        }
       }
      }

      Frame RightShoulder {
       

       FrameTransformMatrix {
        0.335220,-0.826321,0.452573,0.000000,-0.858207,-0.069618,0.508562,0.000000,-0.388728,-0.558881,-0.732491,0.000000,-3.630552,-6.205559,3.750795,1.000000;;
       }

       Frame RightArm {
        

        FrameTransformMatrix {
         0.232881,0.505990,-0.830506,0.000000,-0.788211,-0.402013,-0.465949,0.000000,-0.569640,0.763125,0.305206,0.000000,4.171764,-0.000001,-0.000002,1.000000;;
        }

        Frame RightForeArm {
         

         FrameTransformMatrix {
          0.734299,0.000000,-0.678826,0.000000,-0.000000,1.000000,0.000000,0.000000,0.678826,0.000000,0.734299,0.000000,10.239970,0.000000,0.000000,1.000000;;
         }

         Frame RightHand {
          

          FrameTransformMatrix {
           0.911765,-0.159545,0.378458,0.000000,0.185527,0.982086,-0.032951,0.000000,-0.366421,0.100257,0.925032,0.000000,8.476626,0.000001,0.000000,1.000000;;
          }

          Frame FxHand01 {
           

           FrameTransformMatrix {
            0.017956,0.368815,-0.929330,0.000000,-0.999803,-0.001233,-0.019807,0.000000,-0.008451,0.929502,0.368720,0.000000,0.982981,0.768575,-3.674182,1.000000;;
           }
          }
         }
        }
       }
      }

      Frame head {
       

       FrameTransformMatrix {
        0.269009,0.021846,-0.962890,0.000000,0.042472,0.998501,0.034519,0.000000,0.962201,-0.050182,0.267678,0.000000,5.618119,0.000000,0.000002,1.000000;;
       }

       Frame Head_End {
        

        FrameTransformMatrix {
         1.000000,0.000000,0.000000,0.000000,-0.000000,1.000000,0.000000,0.000000,0.000000,-0.000000,1.000000,0.000000,5.270502,0.000000,0.000000,1.000000;;
        }
       }

       Frame Bone11 {
        

        FrameTransformMatrix {
         0.271487,-0.962422,0.006188,0.000000,0.449511,0.132481,0.883396,0.000000,-0.851020,-0.237049,0.468587,0.000000,1.057226,-0.658426,10.512192,1.000000;;
        }
       }

       Frame Bone10 {
        

        FrameTransformMatrix {
         0.147079,0.983139,-0.108650,0.000000,-0.794006,0.051847,-0.605695,0.000000,-0.589850,0.175354,0.788244,0.000000,1.057234,0.714349,10.512197,1.000000;;
        }
       }

       Frame Bone04 {
        

        FrameTransformMatrix {
         0.850135,-0.000189,0.526566,0.000000,0.000191,-1.000000,-0.000668,0.000000,0.526566,0.000668,-0.850134,0.000000,3.152372,0.000033,15.649878,1.000000;;
        }
       }

       Frame Bone01 {
        

        FrameTransformMatrix {
         0.330243,0.000519,0.943896,0.000000,-0.000517,-1.000000,0.000731,0.000000,0.943896,-0.000729,-0.330242,0.000000,-4.297336,0.000015,8.396014,1.000000;;
        }

        Frame Bone03 {
         

         FrameTransformMatrix {
          0.970139,-0.000001,0.242551,0.000000,0.000000,1.000000,0.000002,0.000000,-0.242551,-0.000002,0.970139,0.000000,-0.755436,-0.000002,0.734797,1.000000;;
         }

         Frame Bone12 {
          

          FrameTransformMatrix {
           0.922904,0.000000,-0.385031,0.000000,0.000000,1.000000,0.000000,0.000000,0.385031,-0.000000,0.922904,0.000000,3.223217,-0.000001,0.000000,1.000000;;
          }

          Frame Bone13 {
           

           FrameTransformMatrix {
            0.971680,-0.000000,0.236302,0.000000,0.000000,1.000000,-0.000000,0.000000,-0.236302,0.000000,0.971680,0.000000,2.361643,-0.000000,0.000002,1.000000;;
           }
          }
         }
        }
       }

       Frame FxTop {
        

        FrameTransformMatrix {
         0.490395,-0.010089,0.871442,0.000000,0.870675,-0.037832,-0.490402,0.000000,0.037916,0.999233,-0.009768,0.000000,5.972681,0.000020,5.844531,1.000000;;
        }
       }
      }
     }

     Frame FxCenter {
      

      FrameTransformMatrix {
       0.973611,-0.017679,0.227530,0.000000,0.227558,-0.000390,-0.973764,0.000000,0.017304,0.999843,0.003643,0.000000,6.729650,0.000012,3.666605,1.000000;;
      }
     }
    }
   }

   Frame LeftUpLeg {
    

    FrameTransformMatrix {
     0.130175,0.205181,0.970028,0.000000,0.267779,-0.949272,0.164855,0.000000,0.954646,0.238294,-0.178515,0.000000,-0.000002,3.829377,0.000004,1.000000;;
    }

    Frame LeftLeg {
     

     FrameTransformMatrix {
      0.302960,-0.000000,-0.953004,0.000000,-0.000000,1.000000,-0.000000,0.000000,0.953003,0.000000,0.302960,0.000000,8.333594,0.000000,-0.000002,1.000000;;
     }

     Frame LeftHorseLink {
      

      FrameTransformMatrix {
       0.532358,-0.000000,0.846519,0.000000,0.000000,1.000000,0.000000,0.000000,-0.846519,0.000000,0.532358,0.000000,6.724595,-0.000003,0.000000,1.000000;;
      }

      Frame LeftFoot {
       

       FrameTransformMatrix {
        0.988594,0.145925,-0.037258,0.000000,-0.147153,0.988574,-0.032670,0.000000,0.032065,0.037779,0.998772,0.000000,5.558213,0.000001,0.000000,1.000000;;
       }

       Frame LeftToeBase {
        

        FrameTransformMatrix {
         1.000000,0.000000,0.000000,0.000000,-0.000000,0.999848,0.017444,0.000000,-0.000000,-0.017444,0.999848,0.000000,0.011238,0.000000,0.188034,1.000000;;
        }

        Frame LeftToeBase_End {
         

         FrameTransformMatrix {
          -1.000000,-0.000000,0.000691,0.000000,-0.000000,1.000000,-0.000000,0.000000,-0.000691,0.000000,-1.000000,0.000000,0.520072,0.000000,0.000000,1.000000;;
         }
        }
       }
      }
     }
    }
   }

   Frame RightUpLeg {
    

    FrameTransformMatrix {
     0.345588,-0.176642,0.921611,0.000000,-0.290969,-0.953888,-0.073721,0.000000,0.892136,-0.242683,-0.381050,0.000000,0.000006,-3.829376,-0.000004,1.000000;;
    }

    Frame RightLeg {
     

     FrameTransformMatrix {
      0.212552,0.000000,-0.977150,0.000000,-0.000000,1.000000,0.000000,0.000000,0.977150,-0.000000,0.212552,0.000000,8.333599,-0.000001,0.000001,1.000000;;
     }

     Frame RightHorseLink {
      

      FrameTransformMatrix {
       0.631821,-0.000000,0.775114,0.000000,-0.000000,1.000000,-0.000000,0.000000,-0.775114,0.000000,0.631821,0.000000,6.724598,0.000001,0.000004,1.000000;;
      }

      Frame RightFoot {
       

       FrameTransformMatrix {
        0.997434,-0.064174,-0.031732,0.000000,0.062302,0.996439,-0.056816,0.000000,0.035265,0.054694,0.997880,0.000000,5.558208,-0.000001,0.000002,1.000000;;
       }

       Frame RightToeBase {
        

        FrameTransformMatrix {
         1.000000,-0.000000,0.000000,0.000000,0.000000,0.999848,-0.017444,0.000000,-0.000000,0.017444,0.999848,0.000000,0.011237,0.000000,0.188032,1.000000;;
        }

        Frame RightToeBase_End {
         

         FrameTransformMatrix {
          1.000000,-0.000000,-0.000000,0.000000,0.000000,1.000000,0.000000,0.000000,-0.000000,-0.000000,1.000000,0.000000,0.520072,0.000002,-0.000004,1.000000;;
         }
        }
       }
      }
     }
    }
   }

   Frame Hips-Tail {
    

    FrameTransformMatrix {
     -0.847870,-0.000000,0.530205,0.000000,-0.000001,1.000000,-0.000000,0.000000,-0.530205,-0.000001,-0.847870,0.000000,-2.025204,0.000004,-3.684282,1.000000;;
    }

    Frame Hips-TailNub {
     

     FrameTransformMatrix {
      0.000796,0.000508,1.000000,0.000000,-0.000505,-1.000000,0.000509,0.000000,1.000000,-0.000506,-0.000796,0.000000,3.962706,-0.000000,0.000000,1.000000;;
     }
    }
   }
  }
 }

 Frame FxBottom {
  

  FrameTransformMatrix {
   1.000000,0.000000,0.000000,0.000000,0.000000,1.000000,0.000000,0.000000,0.000000,0.000000,1.000000,0.000000,-14.303160,1.377218,0.000005,1.000000;;
  }
 }
}

Frame LongTusk_skel {
 

 FrameTransformMatrix {
  1.000000,0.000000,0.000000,0.000000,0.000000,1.000000,0.000000,0.000000,0.000000,0.000000,1.000000,0.000000,0.000000,0.000000,0.000000,1.000000;;
 }

 Mesh  {
  13332;
  17.198707;23.447776;4.789735;,
  18.345229;23.001576;4.271188;,
  17.402448;23.483094;4.572268;,
  17.198707;23.447776;4.789735;,
  16.282342;23.187960;5.824131;,
  17.046914;22.930566;5.178933;,
  16.282342;23.187960;5.824131;,
  17.198707;23.447776;4.789735;,
  17.075563;23.766546;4.817212;,
  17.402448;23.483094;4.572268;,
  17.075563;23.766546;4.817212;,
  17.198707;23.447776;4.789735;,
  17.075563;23.766546;4.817212;,
  17.402448;23.483094;4.572268;,
  18.009366;23.549419;4.070575;,
  17.402448;23.483094;4.572268;,
  18.345229;23.001576;4.271188;,
  18.009366;23.549419;4.070575;,
  18.345229;23.001576;4.271188;,
  19.089941;23.047192;3.493209;,
  18.009366;23.549419;4.070575;,
  19.089941;23.047192;3.493209;,
  18.345229;23.001576;4.271188;,
  18.947058;22.980472;3.595466;,
  19.379904;23.321830;3.491257;,
  18.009366;23.549419;4.070575;,
  19.089941;23.047192;3.493209;,
  18.009366;23.549419;4.070575;,
  19.379904;23.321830;3.491257;,
  18.494818;23.887408;4.125069;,
  18.494818;23.887408;4.125069;,
  17.075563;23.766546;4.817212;,
  18.009366;23.549419;4.070575;,
  17.075563;23.766546;4.817212;,
  18.494818;23.887408;4.125069;,
  17.276606;24.237976;4.819393;,
  17.276606;24.237976;4.819393;,
  16.282342;23.187960;5.824131;,
  17.075563;23.766546;4.817212;,
  16.282342;23.187960;5.824131;,
  17.276606;24.237976;4.819393;,
  15.954462;24.471445;5.391855;,
  15.954462;24.471445;5.391855;,
  14.863344;23.971832;6.238007;,
  16.282342;23.187960;5.824131;,
  14.863344;23.971832;6.238007;,
  15.514858;22.753174;7.571905;,
  16.282342;23.187960;5.824131;,
  18.947058;22.980472;3.595466;,
  19.409021;22.879499;3.249496;,
  19.089941;23.047192;3.493209;,
  18.345229;23.001576;4.271188;,
  19.098600;22.473683;4.299249;,
  18.947058;22.980472;3.595466;,
  19.098600;22.473683;4.299249;,
  19.409021;22.879499;3.249496;,
  18.947058;22.980472;3.595466;,
  19.409021;22.879499;3.249496;,
  19.098600;22.473683;4.299249;,
  19.366064;22.646579;3.368075;,
  18.412565;22.353085;5.059734;,
  17.198707;23.447776;4.789735;,
  17.046914;22.930566;5.178933;,
  17.198707;23.447776;4.789735;,
  18.412565;22.353085;5.059734;,
  18.345229;23.001576;4.271188;,
  19.098600;22.473683;4.299249;,
  18.345229;23.001576;4.271188;,
  18.412565;22.353085;5.059734;,
  18.412565;22.353085;5.059734;,
  19.471896;22.052941;4.128416;,
  19.098600;22.473683;4.299249;,
  19.471896;22.052941;4.128416;,
  19.366064;22.646579;3.368075;,
  19.098600;22.473683;4.299249;,
  19.366064;22.646579;3.368075;,
  19.471896;22.052941;4.128416;,
  19.806667;22.360661;3.072028;,
  19.806667;22.360661;3.072028;,
  19.409021;22.879499;3.249496;,
  19.366064;22.646579;3.368075;,
  19.409021;22.879499;3.249496;,
  19.806667;22.360661;3.072028;,
  20.013139;23.007019;3.001863;,
  20.013139;23.007019;3.001863;,
  19.089941;23.047192;3.493209;,
  19.409021;22.879499;3.249496;,
  19.089941;23.047192;3.493209;,
  20.013139;23.007019;3.001863;,
  19.379904;23.321830;3.491257;,
  19.471896;22.052941;4.128416;,
  19.875461;20.877400;4.831914;,
  20.316950;21.629320;4.046364;,
  20.316950;21.629320;4.046364;,
  19.806667;22.360661;3.072028;,
  19.471896;22.052941;4.128416;,
  19.806667;22.360661;3.072028;,
  20.316950;21.629320;4.046364;,
  20.762013;22.069091;2.873687;,
  20.762013;22.069091;2.873687;,
  20.013139;23.007019;3.001863;,
  19.806667;22.360661;3.072028;,
  20.013139;23.007019;3.001863;,
  20.762013;22.069091;2.873687;,
  21.788891;23.684672;2.428778;,
  20.808610;24.646546;2.739515;,
  20.013139;23.007019;3.001863;,
  21.788891;23.684672;2.428778;,
  20.013139;23.007019;3.001863;,
  20.808610;24.646546;2.739515;,
  19.821462;24.244230;3.257903;,
  19.821462;24.244230;3.257903;,
  19.379904;23.321830;3.491257;,
  20.013139;23.007019;3.001863;,
  18.595947;24.435158;3.600448;,
  19.379904;23.321830;3.491257;,
  19.821462;24.244230;3.257903;,
  19.379904;23.321830;3.491257;,
  18.595947;24.435158;3.600448;,
  18.494818;23.887408;4.125069;,
  20.316950;21.629320;4.046364;,
  22.767851;22.011299;2.422764;,
  20.762013;22.069091;2.873687;,
  20.762013;22.069091;2.873687;,
  22.767851;22.011299;2.422764;,
  21.788891;23.684672;2.428778;,
  15.672877;24.854738;4.896841;,
  15.799638;26.679253;5.891072;,
  15.644910;26.388146;6.002256;,
  15.799638;26.679253;5.891072;,
  15.672877;24.854738;4.896841;,
  16.454346;25.887965;4.639434;,
  17.386442;24.727154;4.220043;,
  16.454346;25.887965;4.639434;,
  15.672877;24.854738;4.896841;,
  16.454346;25.887965;4.639434;,
  17.386442;24.727154;4.220043;,
  17.680563;25.138774;3.884973;,
  18.595947;24.435158;3.600448;,
  17.680563;25.138774;3.884973;,
  17.386442;24.727154;4.220043;,
  17.680563;25.138774;3.884973;,
  18.595947;24.435158;3.600448;,
  18.777282;24.681368;3.556938;,
  18.595947;24.435158;3.600448;,
  19.821462;24.244230;3.257903;,
  18.777282;24.681368;3.556938;,
  19.821462;24.244230;3.257903;,
  19.684232;25.476634;3.021957;,
  18.777282;24.681368;3.556938;,
  19.684232;25.476634;3.021957;,
  19.821462;24.244230;3.257903;,
  20.808610;24.646546;2.739515;,
  21.089314;24.741342;1.165737;,
  19.684232;25.476634;3.021957;,
  20.808610;24.646546;2.739515;,
  19.684232;25.476634;3.021957;,
  21.089314;24.741342;1.165737;,
  19.804512;25.585682;1.184729;,
  18.339659;25.717386;2.333224;,
  19.684232;25.476634;3.021957;,
  19.804512;25.585682;1.184729;,
  19.684232;25.476634;3.021957;,
  18.339659;25.717386;2.333224;,
  18.239477;25.597251;3.175903;,
  18.239477;25.597251;3.175903;,
  18.777282;24.681368;3.556938;,
  19.684232;25.476634;3.021957;,
  18.777282;24.681368;3.556938;,
  18.239477;25.597251;3.175903;,
  17.680563;25.138774;3.884973;,
  17.111762;25.907867;3.037227;,
  17.680563;25.138774;3.884973;,
  18.239477;25.597251;3.175903;,
  17.680563;25.138774;3.884973;,
  17.111762;25.907867;3.037227;,
  16.454346;25.887965;4.639434;,
  15.917406;26.539690;3.275824;,
  16.454346;25.887965;4.639434;,
  17.111762;25.907867;3.037227;,
  16.454346;25.887965;4.639434;,
  15.917406;26.539690;3.275824;,
  15.507483;25.809915;4.338739;,
  15.917406;26.539690;3.275824;,
  14.255299;25.569246;4.845868;,
  15.507483;25.809915;4.338739;,
  18.339659;25.717386;2.333224;,
  17.111762;25.907867;3.037227;,
  18.239477;25.597251;3.175903;,
  17.111762;25.907867;3.037227;,
  19.354387;25.876675;1.191201;,
  17.252032;26.220250;1.182978;,
  17.252032;26.220250;1.182978;,
  15.917406;26.539690;3.275824;,
  17.111762;25.907867;3.037227;,
  15.917406;26.539690;3.275824;,
  17.252032;26.220250;1.182978;,
  16.301470;26.873059;1.184836;,
  14.255299;25.569246;4.845868;,
  15.226626;26.857811;5.707944;,
  15.507483;25.809915;4.338739;,
  15.226626;26.857811;5.707944;,
  14.255299;25.569246;4.845868;,
  14.555925;26.952019;6.014112;,
  14.981576;27.508016;6.796584;,
  15.226626;26.857811;5.707944;,
  14.555925;26.952019;6.014112;,
  15.226626;26.857811;5.707944;,
  14.981576;27.508016;6.796584;,
  15.799638;26.679253;5.891072;,
  15.799638;26.679253;5.891072;,
  15.507483;25.809915;4.338739;,
  15.226626;26.857811;5.707944;,
  15.507483;25.809915;4.338739;,
  15.799638;26.679253;5.891072;,
  16.454346;25.887965;4.639434;,
  14.863344;23.971832;6.238007;,
  15.954462;24.471445;5.391855;,
  14.955818;24.676770;5.743094;,
  14.026448;24.822893;6.279146;,
  14.863344;23.971832;6.238007;,
  14.955818;24.676770;5.743094;,
  14.863344;23.971832;6.238007;,
  14.026448;24.822893;6.279146;,
  13.434317;23.712093;6.681538;,
  13.543501;25.026070;6.316252;,
  13.434317;23.712093;6.681538;,
  14.026448;24.822893;6.279146;,
  14.364349;26.243811;6.883626;,
  13.543501;25.026070;6.316252;,
  14.026448;24.822893;6.279146;,
  13.543501;25.026070;6.316252;,
  14.364349;26.243811;6.883626;,
  14.155229;26.481605;6.969563;,
  14.990693;27.201658;6.745336;,
  14.155229;26.481605;6.969563;,
  14.364349;26.243811;6.883626;,
  14.155229;26.481605;6.969563;,
  14.990693;27.201658;6.745336;,
  14.981576;27.508016;6.796584;,
  15.644910;26.388146;6.002256;,
  14.981576;27.508016;6.796584;,
  14.990693;27.201658;6.745336;,
  14.981576;27.508016;6.796584;,
  15.644910;26.388146;6.002256;,
  15.799638;26.679253;5.891072;,
  13.047942;21.933550;7.793927;,
  13.434317;23.712093;6.681538;,
  12.212326;21.841739;6.975458;,
  13.543501;25.026070;6.316252;,
  14.114851;26.668842;6.466488;,
  13.702134;25.270501;5.861712;,
  14.114851;26.668842;6.466488;,
  14.255299;25.569246;4.845868;,
  13.702134;25.270501;5.861712;,
  14.255299;25.569246;4.845868;,
  14.114851;26.668842;6.466488;,
  14.555925;26.952019;6.014112;,
  14.114851;26.668842;6.466488;,
  14.981576;27.508016;6.796584;,
  14.555925;26.952019;6.014112;,
  14.981576;27.508016;6.796584;,
  14.114851;26.668842;6.466488;,
  14.155229;26.481605;6.969563;,
  14.114851;26.668842;6.466488;,
  13.543501;25.026070;6.316252;,
  14.155229;26.481605;6.969563;,
  15.514858;22.753174;7.571905;,
  14.863344;23.971832;6.238007;,
  14.693214;23.297398;7.738758;,
  13.434317;23.712093;6.681538;,
  14.693214;23.297398;7.738758;,
  14.863344;23.971832;6.238007;,
  14.693214;23.297398;7.738758;,
  13.434317;23.712093;6.681538;,
  13.662475;23.196989;7.815097;,
  13.434317;23.712093;6.681538;,
  13.047942;21.933550;7.793927;,
  13.662475;23.196989;7.815097;,
  13.356446;22.464000;8.667149;,
  13.662475;23.196989;7.815097;,
  13.047942;21.933550;7.793927;,
  13.662475;23.196989;7.815097;,
  13.356446;22.464000;8.667149;,
  13.681990;23.102949;9.006658;,
  14.255139;23.253813;8.847908;,
  13.662475;23.196989;7.815097;,
  13.681990;23.102949;9.006658;,
  13.681990;23.102949;9.006658;,
  14.150678;23.045862;9.285012;,
  14.255139;23.253813;8.847908;,
  14.255139;23.253813;8.847908;,
  14.150678;23.045862;9.285012;,
  14.699245;23.082394;8.796816;,
  14.150678;23.045862;9.285012;,
  14.599016;22.571896;8.775509;,
  14.699245;23.082394;8.796816;,
  14.150678;23.045862;9.285012;,
  13.681990;23.102949;9.006658;,
  13.686792;23.110592;9.349108;,
  13.662475;23.196989;7.815097;,
  14.255139;23.253813;8.847908;,
  14.693214;23.297398;7.738758;,
  14.699245;23.082394;8.796816;,
  14.693214;23.297398;7.738758;,
  14.255139;23.253813;8.847908;,
  14.693214;23.297398;7.738758;,
  14.699245;23.082394;8.796816;,
  15.514858;22.753174;7.571905;,
  13.990528;22.211402;8.808497;,
  15.486813;21.561709;7.541535;,
  14.599016;22.571896;8.775509;,
  13.681990;23.102949;9.006658;,
  13.485990;22.799635;9.306022;,
  13.686792;23.110592;9.349108;,
  13.485990;22.799635;9.306022;,
  13.681990;23.102949;9.006658;,
  13.356446;22.464000;8.667149;,
  13.356446;22.464000;8.667149;,
  13.813464;22.761838;9.336012;,
  13.485990;22.799635;9.306022;,
  13.813464;22.761838;9.336012;,
  13.356446;22.464000;8.667149;,
  13.990528;22.211402;8.808497;,
  14.599016;22.571896;8.775509;,
  13.813464;22.761838;9.336012;,
  13.990528;22.211402;8.808497;,
  13.813464;22.761838;9.336012;,
  14.599016;22.571896;8.775509;,
  14.150678;23.045862;9.285012;,
  13.813464;22.761838;9.336012;,
  14.150678;23.045862;9.285012;,
  13.766694;22.925058;9.430630;,
  14.150678;23.045862;9.285012;,
  13.686792;23.110592;9.349108;,
  13.766694;22.925058;9.430630;,
  13.686792;23.110592;9.349108;,
  13.485990;22.799635;9.306022;,
  13.766694;22.925058;9.430630;,
  13.485990;22.799635;9.306022;,
  13.813464;22.761838;9.336012;,
  13.766694;22.925058;9.430630;,
  14.497011;18.139424;7.478554;,
  14.638152;20.022738;7.305136;,
  11.687941;18.446653;7.037182;,
  14.638152;20.022738;7.305136;,
  13.203934;20.463136;6.967116;,
  11.687941;18.446653;7.037182;,
  13.203934;20.463136;6.967116;,
  10.825832;20.827062;7.112038;,
  11.687941;18.446653;7.037182;,
  10.825832;20.827062;7.112038;,
  13.203934;20.463136;6.967116;,
  12.212326;21.841739;6.975458;,
  13.399712;21.080062;7.798816;,
  12.212326;21.841739;6.975458;,
  13.203934;20.463136;6.967116;,
  12.212326;21.841739;6.975458;,
  13.399712;21.080062;7.798816;,
  13.047942;21.933550;7.793927;,
  13.047942;21.933550;7.793927;,
  13.399712;21.080062;7.798816;,
  13.356446;22.464000;8.667149;,
  13.399712;21.080062;7.798816;,
  13.990528;22.211402;8.808497;,
  13.356446;22.464000;8.667149;,
  13.990528;22.211402;8.808497;,
  13.399712;21.080062;7.798816;,
  14.451534;20.852398;7.752509;,
  15.486813;21.561709;7.541535;,
  13.990528;22.211402;8.808497;,
  14.451534;20.852398;7.752509;,
  16.729365;19.740656;6.181952;,
  15.570400;19.302811;6.901754;,
  16.880054;18.746157;6.670463;,
  15.929723;20.609054;6.739862;,
  15.570400;19.302811;6.901754;,
  16.729365;19.740656;6.181952;,
  15.570400;19.302811;6.901754;,
  15.929723;20.609054;6.739862;,
  14.638152;20.022738;7.305136;,
  15.929723;20.609054;6.739862;,
  14.451534;20.852398;7.752509;,
  14.638152;20.022738;7.305136;,
  14.451534;20.852398;7.752509;,
  13.203934;20.463136;6.967116;,
  14.638152;20.022738;7.305136;,
  13.203934;20.463136;6.967116;,
  14.451534;20.852398;7.752509;,
  13.399712;21.080062;7.798816;,
  19.314592;17.401614;6.167893;,
  18.892918;16.758979;5.356871;,
  19.432589;16.394261;5.916545;,
  18.892918;16.758979;5.356871;,
  19.314592;17.401614;6.167893;,
  18.540970;17.680106;6.118550;,
  18.540970;17.680106;6.118550;,
  17.787645;16.547842;4.899024;,
  18.892918;16.758979;5.356871;,
  17.787645;16.547842;4.899024;,
  18.540970;17.680106;6.118550;,
  17.431965;17.811680;6.304746;,
  16.908074;16.688846;6.757845;,
  17.787645;16.547842;4.899024;,
  17.431965;17.811680;6.304746;,
  16.880054;18.746157;6.670463;,
  16.908074;16.688846;6.757845;,
  17.431965;17.811680;6.304746;,
  16.908074;16.688846;6.757845;,
  16.880054;18.746157;6.670463;,
  15.942859;17.442709;7.135429;,
  15.570400;19.302811;6.901754;,
  15.942859;17.442709;7.135429;,
  16.880054;18.746157;6.670463;,
  15.942859;17.442709;7.135429;,
  15.570400;19.302811;6.901754;,
  14.497011;18.139424;7.478554;,
  14.638152;20.022738;7.305136;,
  14.497011;18.139424;7.478554;,
  15.570400;19.302811;6.901754;,
  18.540970;17.680106;6.118550;,
  19.314592;17.401614;6.167893;,
  19.581942;18.147160;5.739770;,
  18.122349;13.861110;6.695448;,
  17.287352;15.522851;6.962410;,
  16.598118;14.655355;7.270394;,
  15.953176;16.092078;7.539589;,
  16.598118;14.655355;7.270394;,
  17.287352;15.522851;6.962410;,
  16.908074;16.688846;6.757845;,
  15.953176;16.092078;7.539589;,
  17.287352;15.522851;6.962410;,
  15.953176;16.092078;7.539589;,
  16.908074;16.688846;6.757845;,
  15.942859;17.442709;7.135429;,
  15.942859;17.442709;7.135429;,
  13.250316;16.212574;7.581530;,
  15.953176;16.092078;7.539589;,
  13.250316;16.212574;7.581530;,
  15.942859;17.442709;7.135429;,
  14.497011;18.139424;7.478554;,
  11.687941;18.446653;7.037182;,
  13.250316;16.212574;7.581530;,
  14.497011;18.139424;7.478554;,
  13.250316;16.212574;7.581530;,
  11.687941;18.446653;7.037182;,
  9.568974;15.601067;7.195716;,
  9.454875;13.266260;7.243138;,
  13.250316;16.212574;7.581530;,
  9.568974;15.601067;7.195716;,
  13.250316;16.212574;7.581530;,
  9.454875;13.266260;7.243138;,
  13.467470;14.654739;8.115457;,
  21.213875;11.099854;3.727609;,
  18.122349;13.861110;6.695448;,
  18.142008;10.103296;4.195518;,
  18.122349;13.861110;6.695448;,
  14.106072;12.082210;7.680533;,
  18.142008;10.103296;4.195518;,
  14.106072;12.082210;7.680533;,
  18.122349;13.861110;6.695448;,
  16.598118;14.655355;7.270394;,
  15.953176;16.092078;7.539589;,
  14.106072;12.082210;7.680533;,
  16.598118;14.655355;7.270394;,
  14.106072;12.082210;7.680533;,
  15.953176;16.092078;7.539589;,
  13.467470;14.654739;8.115457;,
  13.250316;16.212574;7.581530;,
  13.467470;14.654739;8.115457;,
  15.953176;16.092078;7.539589;,
  14.439358;9.519114;4.230478;,
  18.142008;10.103296;4.195518;,
  14.106072;12.082210;7.680533;,
  10.067751;11.038595;6.032326;,
  13.467470;14.654739;8.115457;,
  9.454875;13.266260;7.243138;,
  13.467470;14.654739;8.115457;,
  10.067751;11.038595;6.032326;,
  14.106072;12.082210;7.680533;,
  10.994671;9.285076;3.646667;,
  14.106072;12.082210;7.680533;,
  10.067751;11.038595;6.032326;,
  14.106072;12.082210;7.680533;,
  10.994671;9.285076;3.646667;,
  14.439358;9.519114;4.230478;,
  10.994671;9.285076;3.646667;,
  14.446203;8.829654;0.612739;,
  14.439358;9.519114;4.230478;,
  14.446203;8.829654;0.612739;,
  18.142008;10.103296;4.195518;,
  14.439358;9.519114;4.230478;,
  18.142008;10.103296;4.195518;,
  14.446203;8.829654;0.612739;,
  18.426262;9.523456;0.562675;,
  22.293198;10.671306;0.645187;,
  18.142008;10.103296;4.195518;,
  18.426262;9.523456;0.562675;,
  18.142008;10.103296;4.195518;,
  22.293198;10.671306;0.645187;,
  21.213875;11.099854;3.727609;,
  21.213875;11.099854;3.727609;,
  22.293198;10.671306;0.645187;,
  23.308950;11.230215;3.806346;,
  22.293198;10.671306;0.645187;,
  25.111776;11.939755;2.123541;,
  23.308950;11.230215;3.806346;,
  25.111776;11.939755;2.123541;,
  22.293198;10.671306;0.645187;,
  25.141958;11.643708;0.710774;,
  26.756800;11.655812;0.727542;,
  25.111776;11.939755;2.123541;,
  25.141958;11.643708;0.710774;,
  14.446203;8.829654;0.612739;,
  10.994671;9.285076;3.646667;,
  11.531135;8.766296;0.631470;,
  30.004266;10.896526;0.731591;,
  31.334912;12.028123;2.039071;,
  30.183702;11.326735;2.544483;,
  30.183702;11.326735;2.544483;,
  28.545472;10.939290;0.718477;,
  30.004266;10.896526;0.731591;,
  28.545472;10.939290;0.718477;,
  30.183702;11.326735;2.544483;,
  28.573296;11.208088;2.789724;,
  28.573296;11.208088;2.789724;,
  26.756800;11.655812;0.727542;,
  28.545472;10.939290;0.718477;,
  26.756800;11.655812;0.727542;,
  28.573296;11.208088;2.789724;,
  26.777150;11.788809;2.797453;,
  25.111776;11.939755;2.123541;,
  26.756800;11.655812;0.727542;,
  26.777150;11.788809;2.797453;,
  26.839480;13.048184;4.719989;,
  25.111776;11.939755;2.123541;,
  26.777150;11.788809;2.797453;,
  25.111776;11.939755;2.123541;,
  26.839480;13.048184;4.719989;,
  25.635890;13.699654;4.498920;,
  25.635890;13.699654;4.498920;,
  23.308950;11.230215;3.806346;,
  25.111776;11.939755;2.123541;,
  23.308950;11.230215;3.806346;,
  25.635890;13.699654;4.498920;,
  24.102155;13.845077;5.151260;,
  26.777150;11.788809;2.797453;,
  28.661722;12.151699;4.317397;,
  26.839480;13.048184;4.719989;,
  28.661722;12.151699;4.317397;,
  26.777150;11.788809;2.797453;,
  28.573296;11.208088;2.789724;,
  30.183702;11.326735;2.544483;,
  28.661722;12.151699;4.317397;,
  28.573296;11.208088;2.789724;,
  23.991626;14.392530;5.283767;,
  22.787347;13.220447;5.584566;,
  24.102155;13.845077;5.151260;,
  24.102155;13.845077;5.151260;,
  25.786051;14.269102;4.699115;,
  23.991626;14.392530;5.283767;,
  25.786051;14.269102;4.699115;,
  24.102155;13.845077;5.151260;,
  25.635890;13.699654;4.498920;,
  25.635890;13.699654;4.498920;,
  27.009475;13.700510;4.931146;,
  25.786051;14.269102;4.699115;,
  27.009475;13.700510;4.931146;,
  25.635890;13.699654;4.498920;,
  26.839480;13.048184;4.719989;,
  26.839480;13.048184;4.719989;,
  28.654026;13.201517;4.513576;,
  27.009475;13.700510;4.931146;,
  28.654026;13.201517;4.513576;,
  26.839480;13.048184;4.719989;,
  28.661722;12.151699;4.317397;,
  30.107270;12.733547;3.836828;,
  28.654026;13.201517;4.513576;,
  28.661722;12.151699;4.317397;,
  28.661722;12.151699;4.317397;,
  30.183702;11.326735;2.544483;,
  30.107270;12.733547;3.836828;,
  30.601392;12.941537;2.988739;,
  30.107270;12.733547;3.836828;,
  30.183702;11.326735;2.544483;,
  28.654026;13.201517;4.513576;,
  29.920304;13.656651;0.835251;,
  28.573386;13.573101;0.818483;,
  29.920304;13.656651;0.835251;,
  28.654026;13.201517;4.513576;,
  29.955149;13.333494;4.047860;,
  28.654026;13.201517;4.513576;,
  30.107270;12.733547;3.836828;,
  29.955149;13.333494;4.047860;,
  30.107270;12.733547;3.836828;,
  30.414957;13.483864;3.126269;,
  29.955149;13.333494;4.047860;,
  30.414957;13.483864;3.126269;,
  30.107270;12.733547;3.836828;,
  30.601392;12.941537;2.988739;,
  30.601392;12.941537;2.988739;,
  31.086701;13.488163;2.662184;,
  30.414957;13.483864;3.126269;,
  30.414957;13.483864;3.126269;,
  29.920304;13.656651;0.835251;,
  29.955149;13.333494;4.047860;,
  30.414957;13.483864;3.126269;,
  31.016070;13.737501;0.849378;,
  29.920304;13.656651;0.835251;,
  31.086701;13.488163;2.662184;,
  31.016070;13.737501;0.849378;,
  30.414957;13.483864;3.126269;,
  30.183702;11.326735;2.544483;,
  31.116275;12.999683;2.605531;,
  30.601392;12.941537;2.988739;,
  31.086701;13.488163;2.662184;,
  30.601392;12.941537;2.988739;,
  31.116275;12.999683;2.605531;,
  31.116275;12.999683;2.605531;,
  32.159194;13.491749;1.902848;,
  31.086701;13.488163;2.662184;,
  31.016070;13.737501;0.849378;,
  31.086701;13.488163;2.662184;,
  32.159194;13.491749;1.902848;,
  31.016070;13.737501;0.849378;,
  32.159194;13.491749;1.902848;,
  32.739798;13.185793;0.845897;,
  32.189475;12.903618;1.947923;,
  32.739798;13.185793;0.845897;,
  32.159194;13.491749;1.902848;,
  32.739798;13.185793;0.845897;,
  32.189475;12.903618;1.947923;,
  32.689376;12.638673;0.824673;,
  32.189475;12.903618;1.947923;,
  31.589514;11.686722;0.777520;,
  32.689376;12.638673;0.824673;,
  31.589514;11.686722;0.777520;,
  32.189475;12.903618;1.947923;,
  31.334912;12.028123;2.039071;,
  31.334912;12.028123;2.039071;,
  30.004266;10.896526;0.731591;,
  31.589514;11.686722;0.777520;,
  32.159194;13.491749;1.902848;,
  31.116275;12.999683;2.605531;,
  32.189475;12.903618;1.947923;,
  32.189475;12.903618;1.947923;,
  31.116275;12.999683;2.605531;,
  31.334912;12.028123;2.039071;,
  31.116275;12.999683;2.605531;,
  30.183702;11.326735;2.544483;,
  31.334912;12.028123;2.039071;,
  -21.299944;6.927402;3.911988;,
  -23.974048;5.897366;3.017432;,
  -22.885378;8.236100;2.539135;,
  -22.767797;9.045366;1.624784;,
  -21.299944;6.927402;3.911988;,
  -22.885378;8.236100;2.539135;,
  -21.299944;6.927402;3.911988;,
  -22.767797;9.045366;1.624784;,
  -19.970626;7.744610;2.746433;,
  -19.101286;9.911808;8.054111;,
  -19.585638;7.605297;6.209802;,
  -17.724798;9.331365;6.449417;,
  -19.489632;7.565033;3.879077;,
  -17.724798;9.331365;6.449417;,
  -19.585638;7.605297;6.209802;,
  -17.724798;9.331365;6.449417;,
  -19.489632;7.565033;3.879077;,
  -17.568882;9.268026;4.003839;,
  -19.970626;7.744610;2.746433;,
  -17.568882;9.268026;4.003839;,
  -19.489632;7.565033;3.879077;,
  -17.568882;9.268026;4.003839;,
  -19.970626;7.744610;2.746433;,
  -18.319525;9.703299;1.924973;,
  -22.767797;9.045366;1.624784;,
  -18.319525;9.703299;1.924973;,
  -19.970626;7.744610;2.746433;,
  -18.319525;9.703299;1.924973;,
  -22.767797;9.045366;1.624784;,
  -21.949536;10.601390;1.108420;,
  -20.883171;12.007397;0.688464;,
  -18.319525;9.703299;1.924973;,
  -21.949536;10.601390;1.108420;,
  -21.299944;6.927402;3.911988;,
  -19.970626;7.744610;2.746433;,
  -19.489632;7.565033;3.879077;,
  -19.585638;7.605297;6.209802;,
  -21.299944;6.927402;3.911988;,
  -19.489632;7.565033;3.879077;,
  -21.299944;6.927402;3.911988;,
  -19.585638;7.605297;6.209802;,
  -21.189451;6.882491;5.728262;,
  -20.718286;8.201888;7.592888;,
  -21.189451;6.882491;5.728262;,
  -19.585638;7.605297;6.209802;,
  -19.585638;7.605297;6.209802;,
  -19.101286;9.911808;8.054111;,
  -20.718286;8.201888;7.592888;,
  -20.698379;10.369768;8.297371;,
  -20.718286;8.201888;7.592888;,
  -19.101286;9.911808;8.054111;,
  -19.101286;9.911808;8.054111;,
  -20.103781;11.708953;8.489418;,
  -20.698379;10.369768;8.297371;,
  -20.103781;11.708953;8.489418;,
  -19.101286;9.911808;8.054111;,
  -18.082643;11.841771;8.421356;,
  -17.724798;9.331365;6.449417;,
  -18.082643;11.841771;8.421356;,
  -19.101286;9.911808;8.054111;,
  -18.082643;11.841771;8.421356;,
  -17.724798;9.331365;6.449417;,
  -16.355102;11.598436;6.460066;,
  -23.974048;5.897366;3.017432;,
  -21.299944;6.927402;3.911988;,
  -22.147270;5.440130;4.157114;,
  -21.299944;6.927402;3.911988;,
  -22.014122;5.536694;5.772157;,
  -22.147270;5.440130;4.157114;,
  -22.014122;5.536694;5.772157;,
  -21.299944;6.927402;3.911988;,
  -21.189451;6.882491;5.728262;,
  -22.302152;7.441932;6.739424;,
  -22.014122;5.536694;5.772157;,
  -21.189451;6.882491;5.728262;,
  -21.189451;6.882491;5.728262;,
  -20.718286;8.201888;7.592888;,
  -22.302152;7.441932;6.739424;,
  -21.951170;9.248358;7.802625;,
  -22.302152;7.441932;6.739424;,
  -20.718286;8.201888;7.592888;,
  -20.718286;8.201888;7.592888;,
  -20.698379;10.369768;8.297371;,
  -21.951170;9.248358;7.802625;,
  -21.874293;10.637311;7.540702;,
  -21.951170;9.248358;7.802625;,
  -20.698379;10.369768;8.297371;,
  -20.698379;10.369768;8.297371;,
  -20.103781;11.708953;8.489418;,
  -21.874293;10.637311;7.540702;,
  -20.020403;13.463059;8.828277;,
  -21.874293;10.637311;7.540702;,
  -20.103781;11.708953;8.489418;,
  -21.951170;9.248358;7.802625;,
  -21.874293;10.637311;7.540702;,
  -22.682146;9.965114;7.127129;,
  -24.066178;11.295519;6.362296;,
  -22.682146;9.965114;7.127129;,
  -21.874293;10.637311;7.540702;,
  -22.682146;9.965114;7.127129;,
  -24.066178;11.295519;6.362296;,
  -24.490504;9.826433;6.084102;,
  -23.840026;9.140813;6.314598;,
  -22.682146;9.965114;7.127129;,
  -24.490504;9.826433;6.084102;,
  -23.218920;8.381398;6.891785;,
  -22.682146;9.965114;7.127129;,
  -23.840026;9.140813;6.314598;,
  -22.682146;9.965114;7.127129;,
  -23.218920;8.381398;6.891785;,
  -21.951170;9.248358;7.802625;,
  -22.302152;7.441932;6.739424;,
  -21.951170;9.248358;7.802625;,
  -23.218920;8.381398;6.891785;,
  -22.014122;5.536694;5.772157;,
  -22.302152;7.441932;6.739424;,
  -23.512200;5.837751;6.641593;,
  -23.218920;8.381398;6.891785;,
  -23.512200;5.837751;6.641593;,
  -22.302152;7.441932;6.739424;,
  -23.512200;5.837751;6.641593;,
  -23.218920;8.381398;6.891785;,
  -24.957973;6.088272;6.442326;,
  -23.218920;8.381398;6.891785;,
  -26.198000;6.250382;5.366049;,
  -24.957973;6.088272;6.442326;,
  -26.198000;6.250382;5.366049;,
  -23.218920;8.381398;6.891785;,
  -23.840026;9.140813;6.314598;,
  -23.840026;9.140813;6.314598;,
  -26.503781;6.201009;4.193162;,
  -26.198000;6.250382;5.366049;,
  -26.503781;6.201009;4.193162;,
  -23.840026;9.140813;6.314598;,
  -25.272666;8.975210;4.154111;,
  -23.840026;9.140813;6.314598;,
  -25.495877;9.625991;4.076918;,
  -25.272666;8.975210;4.154111;,
  -25.495877;9.625991;4.076918;,
  -23.840026;9.140813;6.314598;,
  -24.490504;9.826433;6.084102;,
  -24.490504;9.826433;6.084102;,
  -24.884496;11.278722;4.029333;,
  -25.495877;9.625991;4.076918;,
  -26.193712;2.858942;4.301238;,
  -26.198000;6.250382;5.366049;,
  -26.503781;6.201009;4.193162;,
  -26.086117;6.124762;3.301484;,
  -26.193712;2.858942;4.301238;,
  -26.503781;6.201009;4.193162;,
  -25.272666;8.975210;4.154111;,
  -26.086117;6.124762;3.301484;,
  -26.503781;6.201009;4.193162;,
  -26.086117;6.124762;3.301484;,
