xof 0303txt 0032
template ColorRGBA {
 <35ff44e0-6c7c-11cf-8f52-0040333594a3>
 FLOAT red;
 FLOAT green;
 FLOAT blue;
 FLOAT alpha;
}

template ColorRGB {
 <d3e16e81-7835-11cf-8f52-0040333594a3>
 FLOAT red;
 FLOAT green;
 FLOAT blue;
}

template Material {
 <3d82ab4d-62da-11cf-ab39-0020af71e433>
 ColorRGBA faceColor;
 FLOAT power;
 ColorRGB specularColor;
 ColorRGB emissiveColor;
 [...]
}

template TextureFilename {
 <a42790e1-7810-11cf-8f52-0040333594a3>
 STRING filename;
}

template Frame {
 <3d82ab46-62da-11cf-ab39-0020af71e433>
 [...]
}

template Matrix4x4 {
 <f6f23f45-7686-11cf-8f52-0040333594a3>
 array FLOAT matrix[16];
}

template FrameTransformMatrix {
 <f6f23f41-7686-11cf-8f52-0040333594a3>
 Matrix4x4 frameMatrix;
}

template Vector {
 <3d82ab5e-62da-11cf-ab39-0020af71e433>
 FLOAT x;
 FLOAT y;
 FLOAT z;
}

template MeshFace {
 <3d82ab5f-62da-11cf-ab39-0020af71e433>
 DWORD nFaceVertexIndices;
 array DWORD faceVertexIndices[nFaceVertexIndices];
}

template Mesh {
 <3d82ab44-62da-11cf-ab39-0020af71e433>
 DWORD nVertices;
 array Vector vertices[nVertices];
 DWORD nFaces;
 array MeshFace faces[nFaces];
 [...]
}

template MeshNormals {
 <f6f23f43-7686-11cf-8f52-0040333594a3>
 DWORD nNormals;
 array Vector normals[nNormals];
 DWORD nFaceNormals;
 array MeshFace faceNormals[nFaceNormals];
}

template MeshMaterialList {
 <f6f23f42-7686-11cf-8f52-0040333594a3>
 DWORD nMaterials;
 DWORD nFaceIndexes;
 array DWORD faceIndexes[nFaceIndexes];
 [Material <3d82ab4d-62da-11cf-ab39-0020af71e433>]
}

template IndexedColor {
 <1630b820-7842-11cf-8f52-0040333594a3>
 DWORD index;
 ColorRGBA indexColor;
}

template MeshVertexColors {
 <1630b821-7842-11cf-8f52-0040333594a3>
 DWORD nVertexColors;
 array IndexedColor vertexColors[nVertexColors];
}

template Coords2d {
 <f6f23f44-7686-11cf-8f52-0040333594a3>
 FLOAT u;
 FLOAT v;
}

template MeshTextureCoords {
 <f6f23f40-7686-11cf-8f52-0040333594a3>
 DWORD nTextureCoords;
 array Coords2d textureCoords[nTextureCoords];
}

template FVFData {
 <b6e70a0e-8ef9-4e83-94ad-ecc8b0c04897>
 DWORD dwFVF;
 DWORD nDWords;
 array DWORD data[nDWords];
}

template XSkinMeshHeader {
 <3cf169ce-ff7c-44ab-93c0-f78f62d172e2>
 WORD nMaxSkinWeightsPerVertex;
 WORD nMaxSkinWeightsPerFace;
 WORD nBones;
}

template SkinWeights {
 <6f0d123b-bad2-4167-a0d0-80224f25fabb>
 STRING transformNodeName;
 DWORD nWeights;
 array DWORD vertexIndices[nWeights];
 array FLOAT weights[nWeights];
 Matrix4x4 matrixOffset;
}

template Animation {
 <3d82ab4f-62da-11cf-ab39-0020af71e433>
 [...]
}

template AnimationSet {
 <3d82ab50-62da-11cf-ab39-0020af71e433>
 [Animation <3d82ab4f-62da-11cf-ab39-0020af71e433>]
}

template FloatKeys {
 <10dd46a9-775b-11cf-8f52-0040333594a3>
 DWORD nValues;
 array FLOAT values[nValues];
}

template TimedFloatKeys {
 <f406b180-7b3b-11cf-8f52-0040333594a3>
 DWORD time;
 FloatKeys tfkeys;
}

template AnimationKey {
 <10dd46a8-775b-11cf-8f52-0040333594a3>
 DWORD keyType;
 DWORD nKeys;
 array TimedFloatKeys keys[nKeys];
}


Material Material__78 {
 1.000000;1.000000;1.000000;1.000000;;
 3.200000;
 0.000000;0.000000;0.000000;;
 0.000000;0.000000;0.000000;;

 TextureFilename {
  "PollutedEarthSpirit_diff.tga";
 }
}

Frame Dummy_root {
 

 FrameTransformMatrix {
  1.000000,0.000000,0.000000,0.000000,0.000000,1.000000,0.000000,0.000000,0.000000,-0.000000,1.000000,0.000000,0.000000,22.344222,0.000000,1.000000;;
 }

 Frame Bip01 {
  

  FrameTransformMatrix {
   0.917499,-0.112600,-0.381468,0.000000,0.114725,0.993248,-0.017248,0.000000,0.380834,-0.027938,0.924221,0.000000,-0.526453,-13.216638,-0.000000,1.000000;;
  }

  Frame Bip01-Pelvis {
   

   FrameTransformMatrix {
    -0.214627,0.976549,-0.016965,0.000000,-0.086871,-0.001786,0.996218,0.000000,0.972825,0.215290,0.085217,0.000000,0.000000,0.000000,0.000000,1.000000;;
   }

   Frame Bip01-Spine {
    

    FrameTransformMatrix {
     0.993869,0.027676,0.107048,0.000000,-0.028656,0.999560,0.007624,0.000000,-0.106790,-0.010645,0.994225,0.000000,2.612272,0.000089,2.378735,1.000000;;
    }

    Frame Bip01-Spine1 {
     

     FrameTransformMatrix {
      0.983783,-0.106444,0.144363,0.000000,0.119089,0.989495,-0.081964,0.000000,-0.134122,0.097827,0.986124,0.000000,5.285504,0.000088,-0.004479,1.000000;;
     }

     Frame Bip01-Spine2 {
      

      FrameTransformMatrix {
       0.997107,-0.034583,-0.067694,0.000000,0.032878,0.999117,-0.026145,0.000000,0.068538,0.023843,0.997364,0.000000,5.626570,-0.000028,-0.004641,1.000000;;
      }

      Frame Bip01-Neck {
       

       FrameTransformMatrix {
        0.999634,0.026846,-0.003469,0.000000,-0.027039,0.984160,-0.175209,0.000000,-0.001290,0.175239,0.984525,0.000000,5.828449,2.401897,-2.224303,1.000000;;
       }

       Frame Bip01-Head {
        

        FrameTransformMatrix {
         0.994652,0.091901,-0.047130,0.000000,-0.092687,0.995586,-0.014748,0.000000,0.045567,0.019037,0.998780,0.000000,2.922155,0.000000,-0.000000,1.000000;;
        }

        Frame Bip01-HeadNub {
         

         FrameTransformMatrix {
          1.000000,0.000000,0.000000,0.000000,-0.000000,1.000000,0.000000,0.000000,-0.000000,0.000000,1.000000,0.000000,11.649426,-0.000000,-0.000000,1.000000;;
         }
        }

        Frame Bone05 {
         

         FrameTransformMatrix {
          0.043820,0.102457,0.993772,0.000000,-0.139600,-0.984340,0.107640,0.000000,0.989238,-0.143448,-0.028831,0.000000,7.730175,0.461018,3.385463,1.000000;;
         }
        }

        Frame Bone10 {
         

         FrameTransformMatrix {
          0.024261,0.168270,0.985442,0.000000,-0.166972,-0.971204,0.169950,0.000000,0.985663,-0.168664,0.004533,0.000000,3.497074,0.691369,4.361920,1.000000;;
         }
        }

        Frame FxTop {
         

         FrameTransformMatrix {
          0.007469,0.013492,0.999881,0.000000,0.999971,0.001027,-0.007484,0.000000,-0.001128,0.999908,-0.013484,0.000000,9.954254,-4.112206,0.361425,1.000000;;
         }
        }
       }

       Frame Bip01-L-Clavicle {
        

        FrameTransformMatrix {
         -0.078835,0.993351,0.083902,0.000000,0.996888,0.078539,0.006828,0.000000,0.000193,0.084180,-0.996451,0.000000,1.893476,1.886926,-0.041658,1.000000;;
        }

        Frame Bip01-L-UpperArm {
         

         FrameTransformMatrix {
          0.639332,-0.755579,0.142672,0.000000,0.755706,0.651690,0.064883,0.000000,-0.142002,0.066336,0.987641,0.000000,5.103929,0.000002,0.000001,1.000000;;
         }

         Frame Bip01-L-Forearm {
          

          FrameTransformMatrix {
           0.549753,0.000000,-0.835327,0.000000,0.000000,1.000000,-0.000000,0.000000,0.835327,0.000000,0.549753,0.000000,6.374024,0.000000,0.000000,1.000000;;
          }

          Frame Bip01-L-Hand {
           

           FrameTransformMatrix {
            0.945299,0.093744,0.312443,0.000000,-0.296492,-0.152475,0.942785,0.000000,0.136020,-0.983852,-0.116340,0.000000,6.341947,0.000004,0.000000,1.000000;;
           }

           Frame Bip01-L-Finger0 {
            

            FrameTransformMatrix {
             0.593061,-0.374162,0.712939,0.000000,0.798992,0.164117,-0.578513,0.000000,0.099452,0.912726,0.396284,0.000000,6.737242,-4.683739,1.102850,1.000000;;
            }

            Frame Bip01-L-Finger01 {
             

             FrameTransformMatrix {
              0.884628,-0.000000,0.466298,0.000000,-0.000000,1.000000,-0.000000,0.000000,-0.466298,-0.000000,0.884627,0.000000,2.706032,0.000003,0.000004,1.000000;;
             }

             Frame Bip01-L-Finger02 {
              

              FrameTransformMatrix {
               0.950436,-0.000000,0.310921,0.000000,0.000000,1.000000,0.000000,0.000000,-0.310921,0.000000,0.950436,0.000000,2.683033,-0.000002,0.000002,1.000000;;
              }

              Frame Bip01-L-Finger0Nub {
               

               FrameTransformMatrix {
                1.000000,0.000000,0.000000,0.000000,-0.000000,1.000000,-0.000000,0.000000,-0.000000,0.000000,1.000000,0.000000,3.052612,0.000002,0.000000,1.000000;;
               }
              }
             }
            }
           }

           Frame Bip01-L-Finger1 {
            

            FrameTransformMatrix {
             0.828475,-0.173363,0.532518,0.000000,0.145467,0.984858,0.094310,0.000000,-0.540804,-0.000670,0.841149,0.000000,11.736910,-2.632370,0.522434,1.000000;;
            }

            Frame Bip01-L-Finger11 {
             

             FrameTransformMatrix {
              0.979083,-0.000000,0.203464,0.000000,0.000000,1.000000,0.000000,0.000000,-0.203464,0.000000,0.979083,0.000000,2.625811,-0.000002,0.000004,1.000000;;
             }

             Frame Bip01-L-Finger12 {
              

              FrameTransformMatrix {
               0.838947,0.000000,0.544213,0.000000,-0.000000,1.000000,-0.000000,0.000000,-0.544213,-0.000000,0.838947,0.000000,2.558505,-0.000002,-0.000002,1.000000;;
              }

              Frame Bip01-L-Finger1Nub {
               

               FrameTransformMatrix {
                1.000000,-0.000000,-0.000000,0.000000,0.000000,1.000000,0.000000,0.000000,0.000000,-0.000000,1.000000,0.000000,3.406434,0.000000,-0.000002,1.000000;;
               }
              }
             }
            }
           }

           Frame Bip01-L-Finger2 {
            

            FrameTransformMatrix {
             0.869743,0.146702,0.471196,0.000000,-0.128267,0.989180,-0.071215,0.000000,-0.476545,0.001500,0.879149,0.000000,10.927422,1.947004,0.382938,1.000000;;
            }

            Frame Bip01-L-Finger21 {
             

             FrameTransformMatrix {
              0.928502,0.000000,0.371326,0.000000,-0.000000,1.000000,0.000000,0.000000,-0.371326,-0.000000,0.928502,0.000000,2.860460,-0.000001,-0.000002,1.000000;;
             }

             Frame Bip01-L-Finger22 {
              

              FrameTransformMatrix {
               0.917073,-0.000000,0.398719,0.000000,0.000000,1.000000,-0.000000,0.000000,-0.398719,0.000000,0.917073,0.000000,1.888953,0.000001,-0.000002,1.000000;;
              }

              Frame Bip01-L-Finger2Nub {
               

               FrameTransformMatrix {
                1.000000,-0.000000,-0.000000,0.000000,-0.000000,1.000000,0.000000,0.000000,0.000000,-0.000000,1.000000,0.000000,3.442230,-0.000001,0.000006,1.000000;;
               }
              }
             }
            }
           }

           Frame Bone02 {
            

            FrameTransformMatrix {
             -0.039216,-0.309107,-0.950218,0.000000,0.059231,-0.949997,0.306591,0.000000,-0.997474,-0.044259,0.055564,0.000000,6.108659,-1.377212,-3.646933,1.000000;;
            }
           }

           Frame FxHand00 {
            

            FrameTransformMatrix {
             0.528006,-0.840842,0.119135,0.000000,-0.593331,-0.465616,-0.656627,0.000000,0.607591,0.276017,-0.744747,0.000000,9.080994,-0.160572,4.165394,1.000000;;
            }
           }
          }

          Frame Bone09 {
           

           FrameTransformMatrix {
            -0.214892,0.965267,-0.148599,0.000000,0.134407,-0.121476,-0.983452,0.000000,-0.967345,-0.231309,-0.103634,0.000000,4.262484,1.299379,0.207950,1.000000;;
           }
          }
         }
        }
       }

       Frame Bip01-R-Clavicle {
        

        FrameTransformMatrix {
         -0.038803,-0.927844,-0.370944,0.000000,-0.999215,0.039021,0.006919,0.000000,0.008056,0.370921,-0.928630,0.000000,0.652594,-7.088442,-0.040645,1.000000;;
        }

        Frame Bip01-R-UpperArm {
         

         FrameTransformMatrix {
          0.881486,0.320173,0.347091,0.000000,-0.464505,0.720164,0.515363,0.000000,-0.084957,-0.615511,0.783536,0.000000,5.103928,0.000002,0.000000,1.000000;;
         }

         Frame Bip01-R-Forearm {
          

          FrameTransformMatrix {
           0.343386,-0.000000,-0.939195,0.000000,0.000000,1.000000,0.000000,0.000000,0.939195,-0.000000,0.343385,0.000000,6.374024,-0.000004,-0.000002,1.000000;;
          }

          Frame Bip01-R-Hand {
           

           FrameTransformMatrix {
            0.914514,-0.157665,-0.372566,0.000000,-0.351939,-0.764214,-0.540477,0.000000,-0.199506,0.625394,-0.754374,0.000000,6.341941,0.000000,0.000003,1.000000;;
           }

           Frame Bip01-R-Finger0 {
            

            FrameTransformMatrix {
             0.508159,0.698671,0.503620,0.000000,-0.798992,0.164117,0.578513,0.000000,0.321538,-0.696365,0.641630,0.000000,6.737242,4.683737,1.102852,1.000000;;
            }

            Frame Bip01-R-Finger01 {
             

             FrameTransformMatrix {
              0.968900,-0.000000,0.247453,0.000000,0.000000,1.000000,0.000000,0.000000,-0.247453,-0.000000,0.968900,0.000000,2.706033,-0.000003,-0.000002,1.000000;;
             }

             Frame Bip01-R-Finger02 {
              

              FrameTransformMatrix {
               0.977530,0.000000,0.210794,0.000000,-0.000000,1.000000,-0.000000,0.000000,-0.210794,-0.000000,0.977530,0.000000,2.683031,-0.000002,-0.000004,1.000000;;
              }

              Frame Bip01-R-Finger0Nub {
               

               FrameTransformMatrix {
                -1.000000,-0.000000,-0.000690,0.000000,-0.000000,1.000000,0.000000,0.000000,0.000690,0.000000,-1.000000,0.000000,3.052613,-0.000001,0.000000,1.000000;;
               }
              }
             }
            }
           }

           Frame Bip01-R-Finger1 {
            

            FrameTransformMatrix {
             0.902045,0.087531,0.422675,0.000000,-0.078953,0.996161,-0.037795,0.000000,-0.424361,0.000721,0.905493,0.000000,11.736911,2.632376,0.522436,1.000000;;
            }

            Frame Bip01-R-Finger11 {
             

             FrameTransformMatrix {
              0.920322,0.000000,0.391161,0.000000,0.000000,1.000000,0.000000,0.000000,-0.391161,-0.000000,0.920322,0.000000,2.625812,0.000000,0.000004,1.000000;;
             }

             Frame Bip01-R-Finger12 {
              

              FrameTransformMatrix {
               0.876415,-0.000000,0.481556,0.000000,0.000000,1.000000,0.000000,0.000000,-0.481556,-0.000000,0.876415,0.000000,2.558505,0.000000,0.000000,1.000000;;
              }

              Frame Bip01-R-Finger1Nub {
               

               FrameTransformMatrix {
                -1.000000,0.000000,0.000691,0.000000,-0.000000,1.000000,0.000000,0.000000,-0.000691,-0.000000,-1.000000,0.000000,3.406431,0.000002,-0.000003,1.000000;;
               }
              }
             }
            }
           }

           Frame Bip01-R-Finger2 {
            

            FrameTransformMatrix {
             0.830891,-0.217342,0.512234,0.000000,0.323648,0.937593,-0.127165,0.000000,-0.452629,0.271443,0.849379,0.000000,10.927422,-1.947001,0.382942,1.000000;;
            }

            Frame Bip01-R-Finger21 {
             

             FrameTransformMatrix {
              0.973455,0.000000,0.228878,0.000000,-0.000000,1.000000,0.000000,0.000000,-0.228878,-0.000000,0.973455,0.000000,2.860462,0.000000,-0.000003,1.000000;;
             }

             Frame Bip01-R-Finger22 {
              

              FrameTransformMatrix {
               0.949841,0.000000,0.312732,0.000000,-0.000000,1.000000,0.000000,0.000000,-0.312732,-0.000000,0.949841,0.000000,1.888954,-0.000002,0.000002,1.000000;;
              }

              Frame Bip01-R-Finger2Nub {
               

               FrameTransformMatrix {
                -1.000000,0.000000,0.000691,0.000000,0.000000,1.000000,-0.000000,0.000000,-0.000691,0.000000,-1.000000,0.000000,3.442229,-0.000002,-0.000001,1.000000;;
               }
              }
             }
            }
           }

           Frame Bone04 {
            

            FrameTransformMatrix {
             -0.033351,0.297527,-0.954131,0.000000,0.109272,0.950024,0.292427,0.000000,0.993452,-0.094507,-0.064195,0.000000,6.184046,1.158400,-2.863615,1.000000;;
            }
           }

           Frame FxHand01 {
            

            FrameTransformMatrix {
             0.720977,0.577364,0.383202,0.000000,-0.571478,0.808162,-0.142434,0.000000,-0.391925,-0.116300,0.912617,0.000000,9.702957,1.116163,3.559444,1.000000;;
            }
           }
          }

          Frame Bone07 {
           

           FrameTransformMatrix {
            -0.188790,-0.973416,-0.129694,0.000000,0.125789,0.107010,-0.986269,0.000000,0.973928,-0.202512,0.102243,0.000000,3.830082,-3.151890,-0.074083,1.000000;;
           }
          }
         }
        }
       }
      }

      Frame Bone03 {
       

       FrameTransformMatrix {
        0.311056,0.266297,0.912322,0.000000,-0.269907,-0.895666,0.353460,0.000000,0.911260,-0.356188,-0.206727,0.000000,1.505171,4.468666,5.530099,1.000000;;
       }
      }

      Frame Bone06 {
       

       FrameTransformMatrix {
        0.412184,-0.000265,-0.911101,0.000000,0.000263,-1.000000,0.000410,0.000000,-0.911101,-0.000409,-0.412184,0.000000,2.322380,-0.000020,-6.855887,1.000000;;
       }
      }

      Frame Bone01 {
       

       FrameTransformMatrix {
        0.992118,-0.120758,0.033466,0.000000,-0.020479,0.107229,0.994024,0.000000,-0.123624,-0.986874,0.103911,0.000000,7.766810,-3.243996,-0.855829,1.000000;;
       }

       Frame Bone12 {
        

        FrameTransformMatrix {
         -0.048366,0.997145,-0.057990,0.000000,0.143646,0.064398,0.987532,0.000000,0.988447,0.039433,-0.146351,0.000000,4.004372,2.715877,0.540667,1.000000;;
        }
       }
      }

      Frame Point09 {
       

       FrameTransformMatrix {
        0.000000,1.000000,-0.000001,0.000000,-0.099191,0.000001,0.995068,0.000000,0.995069,-0.000000,0.099191,0.000000,0.654242,-5.205223,3.273278,1.000000;;
       }

       Frame Point10_skin {
        

        FrameTransformMatrix {
         0.254161,-0.863455,-0.435715,0.000000,0.177936,-0.401073,0.898599,0.000000,-0.950653,-0.305918,0.051702,0.000000,-1.682101,5.838302,2.946112,1.000000;;
        }
       }
      }
     }

     Frame FxCenter {
      

      FrameTransformMatrix {
       0.123203,0.230314,0.965286,0.000000,0.987046,0.072295,-0.143230,0.000000,-0.102773,0.970427,-0.218424,0.000000,1.523058,-0.000002,-0.159444,1.000000;;
      }
     }
    }

    Frame Bip01-L-Thigh {
     

     FrameTransformMatrix {
      -0.815760,0.351365,0.459432,0.000000,-0.302909,-0.936218,0.178161,0.000000,0.492728,0.006171,0.870161,0.000000,-3.371084,5.797626,-2.550959,1.000000;;
     }

     Frame Bip01-L-Calf {
      

      FrameTransformMatrix {
       0.491513,-0.000000,-0.870870,0.000000,0.000000,1.000000,-0.000000,0.000000,0.870870,-0.000000,0.491513,0.000000,4.790384,0.000001,0.000000,1.000000;;
      }

      Frame Bip01-L-Foot {
       

       FrameTransformMatrix {
        0.834418,0.258848,0.486564,0.000000,-0.287399,0.957667,-0.016603,0.000000,-0.470264,-0.125984,0.873487,0.000000,2.804255,-0.000000,-0.000000,1.000000;;
       }

       Frame Bip01-L-Toe0 {
        

        FrameTransformMatrix {
         0.000345,-0.000000,1.000000,0.000000,0.000000,1.000000,0.000000,0.000000,-1.000000,0.000000,0.000345,0.000000,1.914379,0.000000,5.223649,1.000000;;
        }

        Frame Bip01-L-Toe0Nub {
         

         FrameTransformMatrix {
          -1.000000,-0.000000,0.000691,0.000000,-0.000000,1.000000,0.000000,0.000000,-0.000691,0.000000,-1.000000,0.000000,0.249702,-0.000000,-0.000000,1.000000;;
         }
        }
       }
      }
     }
    }

    Frame Bip01-R-Thigh {
     

     FrameTransformMatrix {
      -0.903627,-0.252461,0.346010,0.000000,0.235602,-0.967607,-0.090711,0.000000,0.357703,-0.000448,0.933836,0.000000,-1.728253,-6.581291,-2.277292,1.000000;;
     }

     Frame Bip01-R-Calf {
      

      FrameTransformMatrix {
       0.576050,0.000000,-0.817414,0.000000,-0.000000,1.000000,0.000000,0.000000,0.817414,-0.000000,0.576050,0.000000,4.790385,-0.000001,-0.000000,1.000000;;
      }

      Frame Bip01-R-Foot {
       

       FrameTransformMatrix {
        0.802260,-0.281889,0.526230,0.000000,0.211640,0.958540,0.190814,0.000000,-0.558201,-0.041711,0.828657,0.000000,2.804256,0.000000,0.000001,1.000000;;
       }

       Frame Bip01-R-Toe0 {
        

        FrameTransformMatrix {
         -0.000000,-0.356652,0.934237,0.000000,0.000000,0.934237,0.356652,0.000000,-1.000000,0.000000,0.000000,0.000000,1.914378,-0.000002,5.223648,1.000000;;
        }

        Frame Bip01-R-Toe0Nub {
         

         FrameTransformMatrix {
          1.000000,-0.000000,0.000000,0.000000,0.000000,1.000000,0.000000,0.000000,-0.000000,-0.000000,1.000000,0.000000,0.249701,-0.000001,0.000000,1.000000;;
         }
        }
       }
      }
     }
    }

    Frame Point06 {
     

     FrameTransformMatrix {
      0.000000,1.000000,0.000002,0.000000,0.193534,-0.000002,0.981094,0.000000,0.981094,0.000000,-0.193534,0.000000,0.685605,-4.689335,-6.209476,1.000000;;
     }

     Frame Point05_skin {
      

      FrameTransformMatrix {
       0.556245,0.731001,0.395257,0.000000,-0.375342,-0.203352,0.904304,0.000000,0.741424,-0.651372,0.161263,0.000000,-3.435772,-4.515194,-2.441395,1.000000;;
      }
     }
    }

    Frame Point01 {
     

     FrameTransformMatrix {
      0.000000,1.000000,0.000002,0.000000,0.193534,-0.000002,0.981094,0.000000,0.981094,0.000000,-0.193534,0.000000,2.353782,-3.821183,1.952987,1.000000;;
     }

     Frame Point02_skin {
      

      FrameTransformMatrix {
       0.551984,-0.745826,0.372904,0.000000,-0.160463,0.343839,0.925217,0.000000,-0.818270,-0.570543,0.070116,0.000000,-5.346903,7.224590,-3.612210,1.000000;;
      }
     }
    }

    Frame Point08 {
     

     FrameTransformMatrix {
      0.000000,1.000000,0.000002,0.000000,0.193534,-0.000002,0.981094,0.000000,0.981094,0.000000,-0.193534,0.000000,0.685611,4.689311,-6.209490,1.000000;;
     }

     Frame Point07_skin {
      

      FrameTransformMatrix {
       -0.556242,0.731004,0.395256,0.000000,0.311308,-0.257699,0.914701,0.000000,0.770508,0.631842,-0.084225,0.000000,3.561216,-4.680086,-2.530540,1.000000;;
      }
     }
    }

    Frame Point04 {
     

     FrameTransformMatrix {
      0.000000,1.000000,0.000002,0.000000,0.193534,-0.000002,0.981094,0.000000,0.981094,0.000000,-0.193534,0.000000,2.353788,3.821187,1.952976,1.000000;;
     }

     Frame Point03_skin {
      

      FrameTransformMatrix {
       -0.559186,-0.740246,0.373293,0.000000,0.097113,0.388684,0.916239,0.000000,-0.823335,0.548600,-0.145458,0.000000,5.101996,6.753974,-3.405912,1.000000;;
      }
     }
    }
   }
  }
 }

 Frame FxBottom {
  

  FrameTransformMatrix {
   1.000000,0.000000,0.000000,0.000000,0.000000,1.000000,0.000000,0.000000,0.000000,-0.000000,1.000000,0.000000,0.000000,-22.344222,0.000000,1.000000;;
  }
 }
}

Frame PollutedEarthSpirit_Skel {
 

 FrameTransformMatrix {
  1.000000,0.000000,0.000000,0.000000,0.000000,1.000000,0.000000,0.000000,0.000000,0.000000,1.000000,0.000000,0.000000,0.000000,0.000000,1.000000;;
 }

 Mesh  {
  10635;
  1.558716;25.625485;8.881840;,
  -0.067484;23.758272;8.699255;,
  1.941446;24.802851;8.683413;,
  -0.067484;23.758272;8.699255;,
  1.558716;25.625485;8.881840;,
  0.762979;24.911986;9.033545;,
  0.084444;24.076224;9.927342;,
  -0.067484;23.758272;8.699255;,
  0.762979;24.911986;9.033545;,
  -0.067484;23.758272;8.699255;,
  0.084444;24.076224;9.927342;,
  -0.761179;23.347741;9.188822;,
  -1.292986;22.626691;11.343440;,
  -0.761179;23.347741;9.188822;,
  0.084444;24.076224;9.927342;,
  -0.761179;23.347741;9.188822;,
  -1.292986;22.626691;11.343440;,
  -1.980751;22.140074;10.572715;,
  -1.512448;22.169125;11.728628;,
  -1.980751;22.140074;10.572715;,
  -1.292986;22.626691;11.343440;,
  -1.980751;22.140074;10.572715;,
  -1.512448;22.169125;11.728628;,
  -2.063314;21.647670;10.893572;,
  -1.510002;21.673058;12.116874;,
  -2.063314;21.647670;10.893572;,
  -1.512448;22.169125;11.728628;,
  -2.063314;21.647670;10.893572;,
  -1.510002;21.673058;12.116874;,
  -1.987933;21.056371;11.120446;,
  -1.510002;21.673058;12.116874;,
  -1.811208;19.425646;11.337443;,
  -1.987933;21.056371;11.120446;,
  -1.811208;19.425646;11.337443;,
  -1.510002;21.673058;12.116874;,
  -0.968743;20.040912;13.057117;,
  -1.510002;21.673058;12.116874;,
  -1.702358;21.145027;14.491653;,
  -0.968743;20.040912;13.057117;,
  -1.702358;21.145027;14.491653;,
  -1.510002;21.673058;12.116874;,
  -2.041831;22.363811;12.953570;,
  -1.510002;21.673058;12.116874;,
  -1.923247;22.793467;12.449387;,
  -2.041831;22.363811;12.953570;,
  -1.923247;22.793467;12.449387;,
  -1.510002;21.673058;12.116874;,
  -1.512448;22.169125;11.728628;,
  -1.512448;22.169125;11.728628;,
  -1.630430;23.256974;12.032026;,
  -1.923247;22.793467;12.449387;,
  -1.630430;23.256974;12.032026;,
  -1.512448;22.169125;11.728628;,
  -1.292986;22.626691;11.343440;,
  -1.292986;22.626691;11.343440;,
  0.049676;25.093387;10.936522;,
  -1.630430;23.256974;12.032026;,
  0.049676;25.093387;10.936522;,
  -1.292986;22.626691;11.343440;,
  0.084444;24.076224;9.927342;,
  0.084444;24.076224;9.927342;,
  0.847480;26.315954;10.489328;,
  0.049676;25.093387;10.936522;,
  0.847480;26.315954;10.489328;,
  0.084444;24.076224;9.927342;,
  0.762979;24.911986;9.033545;,
  -1.630430;23.256974;12.032026;,
  -1.876342;25.297480;11.899089;,
  -2.535012;23.762571;12.396123;,
  -1.876342;25.297480;11.899089;,
  -1.630430;23.256974;12.032026;,
  0.049676;25.093387;10.936522;,
  0.049676;25.093387;10.936522;,
  -1.545390;26.517611;11.575687;,
  -1.876342;25.297480;11.899089;,
  0.847480;26.315954;10.489328;,
  -1.545390;26.517611;11.575687;,
  0.049676;25.093387;10.936522;,
  -5.411321;23.130117;10.863038;,
  -5.237518;25.351093;10.814860;,
  -5.788928;25.022728;9.489121;,
  -5.046806;26.134933;10.378223;,
  -5.788928;25.022728;9.489121;,
  -5.237518;25.351093;10.814860;,
  -5.237518;25.351093;10.814860;,
  -3.713318;26.773274;11.469881;,
  -5.046806;26.134933;10.378223;,
  -3.640346;27.950221;10.886994;,
  -5.046806;26.134933;10.378223;,
  -3.713318;26.773274;11.469881;,
  -3.713318;26.773274;11.469881;,
  -1.205116;27.466710;10.934237;,
  -3.640346;27.950221;10.886994;,
  -1.031004;28.172784;10.652796;,
  -3.640346;27.950221;10.886994;,
  -1.205116;27.466710;10.934237;,
  0.847480;26.315954;10.489328;,
  -1.031004;28.172784;10.652796;,
  -1.205116;27.466710;10.934237;,
  -1.031004;28.172784;10.652796;,
  0.847480;26.315954;10.489328;,
  1.163769;27.196675;10.116347;,
  0.847480;26.315954;10.489328;,
  1.558716;25.625485;8.881840;,
  1.163769;27.196675;10.116347;,
  1.558716;25.625485;8.881840;,
  0.847480;26.315954;10.489328;,
  0.762979;24.911986;9.033545;,
  -6.605692;20.725082;12.447098;,
  -4.956401;21.337250;10.961634;,
  -5.810648;19.857149;10.994118;,
  -4.956401;21.337250;10.961634;,
  -6.605692;20.725082;12.447098;,
  -5.507998;22.029842;11.659009;,
  -6.605692;20.725082;12.447098;,
  -5.058025;22.675077;12.662894;,
  -5.507998;22.029842;11.659009;,
  -5.058025;22.675077;12.662894;,
  -5.348010;22.575592;11.285259;,
  -5.507998;22.029842;11.659009;,
  -5.348010;22.575592;11.285259;,
  -5.058025;22.675077;12.662894;,
  -4.935283;23.246795;12.300161;,
  -4.935283;23.246795;12.300161;,
  -5.411321;23.130117;10.863038;,
  -5.348010;22.575592;11.285259;,
  -5.411321;23.130117;10.863038;,
  -4.935283;23.246795;12.300161;,
  -4.987893;23.905237;12.006772;,
  -5.237518;25.351093;10.814860;,
  -5.411321;23.130117;10.863038;,
  -4.987893;23.905237;12.006772;,
  -4.987893;23.905237;12.006772;,
  -3.812841;25.691381;12.032670;,
  -5.237518;25.351093;10.814860;,
  -3.713318;26.773274;11.469881;,
  -5.237518;25.351093;10.814860;,
  -3.812841;25.691381;12.032670;,
  -3.812841;25.691381;12.032670;,
  -1.545390;26.517611;11.575687;,
  -3.713318;26.773274;11.469881;,
  -1.205116;27.466710;10.934237;,
  -3.713318;26.773274;11.469881;,
  -1.545390;26.517611;11.575687;,
  -1.545390;26.517611;11.575687;,
  0.847480;26.315954;10.489328;,
  -1.205116;27.466710;10.934237;,
  -4.765728;22.403808;10.168559;,
  -5.348010;22.575592;11.285259;,
  -5.411321;23.130117;10.863038;,
  -5.348010;22.575592;11.285259;,
  -4.765728;22.403808;10.168559;,
  -4.782246;21.905098;10.627498;,
  -4.782246;21.905098;10.627498;,
  -5.507998;22.029842;11.659009;,
  -5.348010;22.575592;11.285259;,
  -5.507998;22.029842;11.659009;,
  -4.782246;21.905098;10.627498;,
  -4.956401;21.337250;10.961634;,
  -3.530268;20.855730;10.731160;,
  -3.378160;19.033038;10.830545;,
  -4.330772;19.248584;10.707965;,
  -4.330772;19.248584;10.707965;,
  -4.956401;21.337250;10.961634;,
  -3.530268;20.855730;10.731160;,
  -4.956401;21.337250;10.961634;,
  -3.440346;21.445813;10.438154;,
  -3.530268;20.855730;10.731160;,
  -3.440346;21.445813;10.438154;,
  -4.956401;21.337250;10.961634;,
  -4.782246;21.905098;10.627498;,
  -4.782246;21.905098;10.627498;,
  -3.352295;21.913446;9.998363;,
  -3.440346;21.445813;10.438154;,
  -3.352295;21.913446;9.998363;,
  -4.782246;21.905098;10.627498;,
  -4.765728;22.403808;10.168559;,
  -4.765728;22.403808;10.168559;,
  -3.392350;22.799987;8.919466;,
  -3.352295;21.913446;9.998363;,
  -3.392350;22.799987;8.919466;,
  -4.765728;22.403808;10.168559;,
  -5.405178;24.067016;8.616774;,
  -5.411321;23.130117;10.863038;,
  -5.405178;24.067016;8.616774;,
  -4.765728;22.403808;10.168559;,
  -5.405178;24.067016;8.616774;,
  -5.411321;23.130117;10.863038;,
  -5.788928;25.022728;9.489121;,
  -5.046806;26.134933;10.378223;,
  -3.640346;27.950221;10.886994;,
  -5.283837;27.041530;10.215470;,
  -5.283837;27.041530;10.215470;,
  -5.788928;25.022728;9.489121;,
  -5.046806;26.134933;10.378223;,
  -5.788928;25.022728;9.489121;,
  -5.283837;27.041530;10.215470;,
  -5.887938;25.828837;9.021844;,
  -5.639128;24.580200;8.392850;,
  -5.788928;25.022728;9.489121;,
  -5.887938;25.828837;9.021844;,
  -5.887938;25.828837;9.021844;,
  -6.575554;25.263790;8.593242;,
  -5.639128;24.580200;8.392850;,
  -6.523741;23.492069;8.488458;,
  -5.639128;24.580200;8.392850;,
  -6.575554;25.263790;8.593242;,
  -5.639128;24.580200;8.392850;,
  -6.523741;23.492069;8.488458;,
  -4.791340;23.553496;8.520117;,
  -3.392350;22.799987;8.919466;,
  -5.639128;24.580200;8.392850;,
  -4.791340;23.553496;8.520117;,
  -5.639128;24.580200;8.392850;,
  -3.392350;22.799987;8.919466;,
  -5.405178;24.067016;8.616774;,
  -5.788928;25.022728;9.489121;,
  -5.639128;24.580200;8.392850;,
  -5.405178;24.067016;8.616774;,
  -3.640346;27.950221;10.886994;,
  -1.031004;28.172784;10.652796;,
  -3.669521;28.545853;10.513247;,
  -3.669521;28.545853;10.513247;,
  -5.283837;27.041530;10.215470;,
  -3.640346;27.950221;10.886994;,
  -5.283837;27.041530;10.215470;,
  -3.669521;28.545853;10.513247;,
  -5.358247;27.874416;9.912850;,
  -6.291638;27.081258;9.299986;,
  -5.283837;27.041530;10.215470;,
  -5.358247;27.874416;9.912850;,
  -5.283837;27.041530;10.215470;,
  -6.291638;27.081258;9.299986;,
  -5.887938;25.828837;9.021844;,
  -6.575554;25.263790;8.593242;,
  -5.887938;25.828837;9.021844;,
  -6.291638;27.081258;9.299986;,
  -6.129600;39.794371;2.335616;,
  -6.176942;37.265786;3.770906;,
  -6.025346;39.420448;3.789655;,
  -4.327488;39.729094;5.774804;,
  -5.877574;37.262285;5.319650;,
  -4.275127;37.846970;6.256226;,
  -5.877574;37.262285;5.319650;,
  -4.114919;36.026237;6.722542;,
  -4.275127;37.846970;6.256226;,
  -4.114919;36.026237;6.722542;,
  -5.877574;37.262285;5.319650;,
  -5.855620;35.355568;5.399185;,
  -5.877574;37.262285;5.319650;,
  -6.384842;35.578454;3.783787;,
  -5.855620;35.355568;5.399185;,
  -6.384842;35.578454;3.783787;,
  -5.877574;37.262285;5.319650;,
  -6.176942;37.265786;3.770906;,
  -5.571402;39.414115;4.996914;,
  -6.176942;37.265786;3.770906;,
  -5.877574;37.262285;5.319650;,
  -6.176942;37.265786;3.770906;,
  -5.571402;39.414115;4.996914;,
  -6.025346;39.420448;3.789655;,
  -5.224307;40.743728;4.893186;,
  -6.025346;39.420448;3.789655;,
  -5.571402;39.414115;4.996914;,
  -6.025346;39.420448;3.789655;,
  -5.224307;40.743728;4.893186;,
  -5.436828;41.058717;3.849932;,
  -5.436828;41.058717;3.849932;,
  -6.129600;39.794371;2.335616;,
  -6.025346;39.420448;3.789655;,
  -6.129600;39.794371;2.335616;,
  -5.436828;41.058717;3.849932;,
  -5.381962;41.081680;2.795833;,
  -5.381962;41.081680;2.795833;,
  -5.020598;39.906531;1.167905;,
  -6.129600;39.794371;2.335616;,
  -5.020598;39.906531;1.167905;,
  -5.381962;41.081680;2.795833;,
  -4.836042;41.032349;1.849899;,
  -5.877574;37.262285;5.319650;,
  -4.327488;39.729094;5.774804;,
  -5.571402;39.414115;4.996914;,
  -4.327488;39.729094;5.774804;,
  -5.224307;40.743728;4.893186;,
  -5.571402;39.414115;4.996914;,
  -5.224307;40.743728;4.893186;,
  -4.327488;39.729094;5.774804;,
  -4.623526;41.160803;5.292299;,
  -4.629374;41.684128;4.105518;,
  -5.224307;40.743728;4.893186;,
  -4.623526;41.160803;5.292299;,
  -5.224307;40.743728;4.893186;,
  -4.629374;41.684128;4.105518;,
  -5.436828;41.058717;3.849932;,
  -4.497600;41.892838;2.992136;,
  -5.436828;41.058717;3.849932;,
  -4.629374;41.684128;4.105518;,
  -5.436828;41.058717;3.849932;,
  -4.497600;41.892838;2.992136;,
  -5.381962;41.081680;2.795833;,
  -3.961478;41.568550;1.939197;,
  -5.381962;41.081680;2.795833;,
  -4.497600;41.892838;2.992136;,
  -5.381962;41.081680;2.795833;,
  -3.961478;41.568550;1.939197;,
  -4.836042;41.032349;1.849899;,
  -3.588824;40.366624;0.613171;,
  -4.836042;41.032349;1.849899;,
  -3.961478;41.568550;1.939197;,
  -4.836042;41.032349;1.849899;,
  -3.588824;40.366624;0.613171;,
  -5.020598;39.906531;1.167905;,
  -3.588824;40.366624;0.613171;,
  -5.037871;38.494118;0.302287;,
  -5.020598;39.906531;1.167905;,
  -5.037871;38.494118;0.302287;,
  -3.588824;40.366624;0.613171;,
  -3.362394;38.487568;-0.192040;,
  -3.362394;38.487568;-0.192040;,
  -5.228498;36.849389;-0.225166;,
  -5.037871;38.494118;0.302287;,
  -5.228498;36.849389;-0.225166;,
  -3.362394;38.487568;-0.192040;,
  -3.441649;37.445629;-0.715403;,
  -3.984142;36.888061;-1.368066;,
  -5.228498;36.849389;-0.225166;,
  -3.441649;37.445629;-0.715403;,
  -5.228498;36.849389;-0.225166;,
  -3.984142;36.888061;-1.368066;,
  -5.669046;35.158042;-0.849049;,
  -3.964889;36.549667;-1.906036;,
  -5.669046;35.158042;-0.849049;,
  -3.984142;36.888061;-1.368066;,
  -5.669046;35.158042;-0.849049;,
  -3.964889;36.549667;-1.906036;,
  -5.575122;35.005718;-2.256897;,
  -3.964889;36.549667;-1.906036;,
  -5.261220;34.667523;-3.107203;,
  -5.575122;35.005718;-2.256897;,
  -5.261220;34.667523;-3.107203;,
  -6.219269;33.306912;-1.440046;,
  -5.575122;35.005718;-2.256897;,
  -6.219269;33.306912;-1.440046;,
  -5.261220;34.667523;-3.107203;,
  -5.666087;33.177206;-2.502983;,
  -5.575122;35.005718;-2.256897;,
  -6.219269;33.306912;-1.440046;,
  -5.669046;35.158042;-0.849049;,
  -6.567799;32.775632;1.122527;,
  -5.669046;35.158042;-0.849049;,
  -6.219269;33.306912;-1.440046;,
  -6.909226;31.600288;-1.167960;,
  -6.567799;32.775632;1.122527;,
  -6.219269;33.306912;-1.440046;,
  -5.261220;34.667523;-3.107203;,
  -3.964889;36.549667;-1.906036;,
  -4.288804;35.667261;-2.808824;,
  -3.964889;36.549667;-1.906036;,
  -3.581290;36.997168;-3.030490;,
  -4.288804;35.667261;-2.808824;,
  -7.387748;31.079552;1.808457;,
  -6.909226;31.600288;-1.167960;,
  -7.414760;31.384461;-0.793279;,
  -6.909226;31.600288;-1.167960;,
  -7.387748;31.079552;1.808457;,
  -7.221785;31.762157;1.726221;,
  -6.567799;32.775632;1.122527;,
  -6.909226;31.600288;-1.167960;,
  -7.221785;31.762157;1.726221;,
  -7.221785;31.762157;1.726221;,
  -6.400376;32.151178;3.693870;,
  -6.567799;32.775632;1.122527;,
  -6.400376;32.151178;3.693870;,
  -6.374370;34.525117;1.451704;,
  -6.567799;32.775632;1.122527;,
  -5.669046;35.158042;-0.849049;,
  -6.567799;32.775632;1.122527;,
  -6.374370;34.525117;1.451704;,
  -6.374370;34.525117;1.451704;,
  -5.228498;36.849389;-0.225166;,
  -5.669046;35.158042;-0.849049;,
  -7.414760;31.384461;-0.793279;,
  -7.643606;30.227299;-2.323001;,
  -7.611760;30.430698;-0.440143;,
  -7.542948;30.054589;1.404096;,
  -7.414760;31.384461;-0.793279;,
  -7.611760;30.430698;-0.440143;,
  -7.414760;31.384461;-0.793279;,
  -7.542948;30.054589;1.404096;,
  -7.387748;31.079552;1.808457;,
  -7.542948;30.054589;1.404096;,
  -7.191493;30.624160;4.121719;,
  -7.387748;31.079552;1.808457;,
  -7.191493;30.624160;4.121719;,
  -7.221785;31.762157;1.726221;,
  -7.387748;31.079552;1.808457;,
  -7.221785;31.762157;1.726221;,
  -7.191493;30.624160;4.121719;,
  -6.791098;31.189626;3.868712;,
  -6.400376;32.151178;3.693870;,
  -7.221785;31.762157;1.726221;,
  -6.791098;31.189626;3.868712;,
  -6.791098;31.189626;3.868712;,
  -5.288655;32.738250;6.146343;,
  -6.400376;32.151178;3.693870;,
  -5.562246;33.790915;5.713606;,
  -6.400376;32.151178;3.693870;,
  -5.288655;32.738250;6.146343;,
  -6.400376;32.151178;3.693870;,
  -5.562246;33.790915;5.713606;,
  -6.424579;33.881904;3.684471;,
  -5.562246;33.790915;5.713606;,
  -3.150457;33.017651;7.030549;,
  -3.814819;34.486166;6.646615;,
  -3.150457;33.017651;7.030549;,
  -5.562246;33.790915;5.713606;,
  -5.288655;32.738250;6.146343;,
  -5.039560;31.585917;6.443204;,
  -3.150457;33.017651;7.030549;,
  -5.288655;32.738250;6.146343;,
  -5.288655;32.738250;6.146343;,
  -6.791098;31.189626;3.868712;,
  -5.039560;31.585917;6.443204;,
  -6.791098;31.189626;3.868712;,
  -5.757969;30.605235;7.325559;,
  -5.039560;31.585917;6.443204;,
  -5.757969;30.605235;7.325559;,
  -6.791098;31.189626;3.868712;,
  -7.191493;30.624160;4.121719;,
  -7.191493;30.624160;4.121719;,
  -7.110414;29.596950;6.720634;,
  -5.757969;30.605235;7.325559;,
  -7.110414;29.596950;6.720634;,
  -7.191493;30.624160;4.121719;,
  -7.634394;29.536618;4.159176;,
  -8.840599;27.465875;5.466056;,
  -7.110414;29.596950;6.720634;,
  -7.634394;29.536618;4.159176;,
  -7.634394;29.536618;4.159176;,
  -8.963405;27.292851;4.693510;,
  -8.840599;27.465875;5.466056;,
  -6.350772;29.586109;8.303339;,
  -5.757969;30.605235;7.325559;,
  -7.110414;29.596950;6.720634;,
  -5.757969;30.605235;7.325559;,
  -6.350772;29.586109;8.303339;,
  -5.199150;30.238141;8.943022;,
  -5.199150;30.238141;8.943022;,
  -3.582711;31.187184;8.135214;,
  -5.757969;30.605235;7.325559;,
  -3.582711;31.187184;8.135214;,
  -5.039560;31.585917;6.443204;,
  -5.757969;30.605235;7.325559;,
  -5.039560;31.585917;6.443204;,
  -3.582711;31.187184;8.135214;,
  -2.889657;32.087386;7.888888;,
  -3.150457;33.017651;7.030549;,
  -5.039560;31.585917;6.443204;,
  -2.889657;32.087386;7.888888;,
  -1.870216;31.392714;8.628337;,
  -2.889657;32.087386;7.888888;,
  -3.582711;31.187184;8.135214;,
  -3.582711;31.187184;8.135214;,
  -1.258913;30.463258;9.728318;,
  -1.870216;31.392714;8.628337;,
  -1.258913;30.463258;9.728318;,
  -3.582711;31.187184;8.135214;,
  -3.709913;30.538707;9.310918;,
  -3.582711;31.187184;8.135214;,
  -5.199150;30.238141;8.943022;,
  -3.709913;30.538707;9.310918;,
  -8.054759;27.295571;7.090142;,
  -7.088717;28.829523;7.803773;,
  -7.110414;29.596950;6.720634;,
  -6.350772;29.586109;8.303339;,
  -7.110414;29.596950;6.720634;,
  -7.088717;28.829523;7.803773;,
  -7.088717;28.829523;7.803773;,
  -6.245252;28.552989;9.025189;,
  -6.350772;29.586109;8.303339;,
  -6.245252;28.552989;9.025189;,
  -5.199150;30.238141;8.943022;,
  -6.350772;29.586109;8.303339;,
  -5.199150;30.238141;8.943022;,
  -6.245252;28.552989;9.025189;,
  -5.314182;29.131053;9.755287;,
  -5.314182;29.131053;9.755287;,
  -3.709913;30.538707;9.310918;,
  -5.199150;30.238141;8.943022;,
  -3.709913;30.538707;9.310918;,
  -5.314182;29.131053;9.755287;,
  -3.707896;29.510925;10.306707;,
  -3.707896;29.510925;10.306707;,
  -1.258913;30.463258;9.728318;,
  -3.709913;30.538707;9.310918;,
  -1.258913;30.463258;9.728318;,
  -3.707896;29.510925;10.306707;,
  -1.104017;29.456243;10.622278;,
  -3.669521;28.545853;10.513247;,
  -1.104017;29.456243;10.622278;,
  -3.707896;29.510925;10.306707;,
  -1.104017;29.456243;10.622278;,
  -3.669521;28.545853;10.513247;,
  -1.031004;28.172784;10.652796;,
  -7.088717;28.829523;7.803773;,
  -8.054759;27.295571;7.090142;,
  -7.057374;27.514003;8.013503;,
  -6.245252;28.552989;9.025189;,
  -7.088717;28.829523;7.803773;,
  -7.057374;27.514003;8.013503;,
  -7.057374;27.514003;8.013503;,
