xof 0303txt 0032
template ColorRGBA {
 <35ff44e0-6c7c-11cf-8f52-0040333594a3>
 FLOAT red;
 FLOAT green;
 FLOAT blue;
 FLOAT alpha;
}

template ColorRGB {
 <d3e16e81-7835-11cf-8f52-0040333594a3>
 FLOAT red;
 FLOAT green;
 FLOAT blue;
}

template Material {
 <3d82ab4d-62da-11cf-ab39-0020af71e433>
 ColorRGBA faceColor;
 FLOAT power;
 ColorRGB specularColor;
 ColorRGB emissiveColor;
 [...]
}

template TextureFilename {
 <a42790e1-7810-11cf-8f52-0040333594a3>
 STRING filename;
}

template Frame {
 <3d82ab46-62da-11cf-ab39-0020af71e433>
 [...]
}

template Matrix4x4 {
 <f6f23f45-7686-11cf-8f52-0040333594a3>
 array FLOAT matrix[16];
}

template FrameTransformMatrix {
 <f6f23f41-7686-11cf-8f52-0040333594a3>
 Matrix4x4 frameMatrix;
}

template Vector {
 <3d82ab5e-62da-11cf-ab39-0020af71e433>
 FLOAT x;
 FLOAT y;
 FLOAT z;
}

template MeshFace {
 <3d82ab5f-62da-11cf-ab39-0020af71e433>
 DWORD nFaceVertexIndices;
 array DWORD faceVertexIndices[nFaceVertexIndices];
}

template Mesh {
 <3d82ab44-62da-11cf-ab39-0020af71e433>
 DWORD nVertices;
 array Vector vertices[nVertices];
 DWORD nFaces;
 array MeshFace faces[nFaces];
 [...]
}

template MeshNormals {
 <f6f23f43-7686-11cf-8f52-0040333594a3>
 DWORD nNormals;
 array Vector normals[nNormals];
 DWORD nFaceNormals;
 array MeshFace faceNormals[nFaceNormals];
}

template MeshMaterialList {
 <f6f23f42-7686-11cf-8f52-0040333594a3>
 DWORD nMaterials;
 DWORD nFaceIndexes;
 array DWORD faceIndexes[nFaceIndexes];
 [Material <3d82ab4d-62da-11cf-ab39-0020af71e433>]
}

template IndexedColor {
 <1630b820-7842-11cf-8f52-0040333594a3>
 DWORD index;
 ColorRGBA indexColor;
}

template MeshVertexColors {
 <1630b821-7842-11cf-8f52-0040333594a3>
 DWORD nVertexColors;
 array IndexedColor vertexColors[nVertexColors];
}

template Coords2d {
 <f6f23f44-7686-11cf-8f52-0040333594a3>
 FLOAT u;
 FLOAT v;
}

template MeshTextureCoords {
 <f6f23f40-7686-11cf-8f52-0040333594a3>
 DWORD nTextureCoords;
 array Coords2d textureCoords[nTextureCoords];
}

template FVFData {
 <b6e70a0e-8ef9-4e83-94ad-ecc8b0c04897>
 DWORD dwFVF;
 DWORD nDWords;
 array DWORD data[nDWords];
}

template XSkinMeshHeader {
 <3cf169ce-ff7c-44ab-93c0-f78f62d172e2>
 WORD nMaxSkinWeightsPerVertex;
 WORD nMaxSkinWeightsPerFace;
 WORD nBones;
}

template SkinWeights {
 <6f0d123b-bad2-4167-a0d0-80224f25fabb>
 STRING transformNodeName;
 DWORD nWeights;
 array DWORD vertexIndices[nWeights];
 array FLOAT weights[nWeights];
 Matrix4x4 matrixOffset;
}

template Animation {
 <3d82ab4f-62da-11cf-ab39-0020af71e433>
 [...]
}

template AnimationSet {
 <3d82ab50-62da-11cf-ab39-0020af71e433>
 [Animation <3d82ab4f-62da-11cf-ab39-0020af71e433>]
}

template FloatKeys {
 <10dd46a9-775b-11cf-8f52-0040333594a3>
 DWORD nValues;
 array FLOAT values[nValues];
}

template TimedFloatKeys {
 <f406b180-7b3b-11cf-8f52-0040333594a3>
 DWORD time;
 FloatKeys tfkeys;
}

template AnimationKey {
 <10dd46a8-775b-11cf-8f52-0040333594a3>
 DWORD keyType;
 DWORD nKeys;
 array TimedFloatKeys keys[nKeys];
}


Material Material__78 {
 1.000000;1.000000;1.000000;1.000000;;
 3.200000;
 0.000000;0.000000;0.000000;;
 0.000000;0.000000;0.000000;;

 TextureFilename {
  "PollutedEarthSpirit_diff.tga";
 }
}

Frame Dummy_root {
 

 FrameTransformMatrix {
  1.000000,0.000000,0.000000,0.000000,0.000000,1.000000,0.000000,0.000000,0.000000,-0.000000,1.000000,0.000000,0.000000,22.344222,0.000000,1.000000;;
 }

 Frame Bip01 {
  

  FrameTransformMatrix {
   0.871109,0.056976,0.487775,0.000000,-0.140341,0.980708,0.136079,0.000000,-0.470611,-0.186994,0.862299,0.000000,-0.526453,-13.216638,-0.000000,1.000000;;
  }

  Frame Bip01-Pelvis {
   

   FrameTransformMatrix {
    0.794843,0.605445,0.040763,0.000000,-0.226419,0.233582,0.945608,0.000000,0.562992,-0.760839,0.322745,0.000000,0.000000,0.000000,0.000000,1.000000;;
   }

   Frame Bip01-Spine {
    

    FrameTransformMatrix {
     0.750598,0.196679,-0.630810,0.000000,0.163395,0.869776,0.465609,0.000000,0.640238,-0.452557,0.620715,0.000000,2.612274,0.000090,2.378736,1.000000;;
    }

    Frame Bip01-Spine1 {
     

     FrameTransformMatrix {
      0.992688,-0.114908,0.036968,0.000000,0.114885,0.993375,0.002752,0.000000,-0.037039,0.001515,0.999313,0.000000,5.285505,0.000088,-0.004479,1.000000;;
     }

     Frame Bip01-Spine2 {
      

      FrameTransformMatrix {
       0.998488,0.001647,-0.054946,0.000000,0.000024,0.999538,0.030407,0.000000,0.054971,-0.030362,0.998026,0.000000,5.626568,-0.000028,-0.004641,1.000000;;
      }

      Frame Bip01-Neck {
       

       FrameTransformMatrix {
        0.990578,0.136952,0.000007,0.000000,-0.136952,0.990578,0.000109,0.000000,0.000008,-0.000109,1.000000,0.000000,5.828449,2.401897,-2.224302,1.000000;;
       }

       Frame Bip01-Head {
        

        FrameTransformMatrix {
         0.982090,-0.017834,-0.187566,0.000000,0.037656,0.994004,0.102655,0.000000,0.184611,-0.107879,0.976873,0.000000,2.922161,-0.000000,0.000000,1.000000;;
        }

        Frame Bip01-HeadNub {
         

         FrameTransformMatrix {
          1.000000,0.000000,-0.000000,0.000000,-0.000000,1.000000,0.000000,0.000000,-0.000000,-0.000000,1.000000,0.000000,11.649426,-0.000000,-0.000000,1.000000;;
         }
        }

        Frame Bone05 {
         

         FrameTransformMatrix {
          -0.261534,-0.185788,0.947145,0.000000,0.049207,-0.982590,-0.179152,0.000000,0.963939,-0.000248,0.266123,0.000000,7.730179,0.461018,3.385463,1.000000;;
         }
        }

        Frame Bone10 {
         

         FrameTransformMatrix {
          -0.370208,-0.098199,0.923745,0.000000,0.090501,-0.993480,-0.069343,0.000000,0.924531,0.057928,0.376681,0.000000,3.497078,0.691370,4.361921,1.000000;;
         }
        }

        Frame FxTop {
         

         FrameTransformMatrix {
          -0.168935,-0.148929,0.974311,0.000000,0.966544,-0.218612,0.134172,0.000000,0.193014,0.964380,0.180878,0.000000,9.954254,-4.112205,0.361426,1.000000;;
         }
        }
       }

       Frame Bip01-L-Clavicle {
        

        FrameTransformMatrix {
         0.045382,0.986673,-0.156263,0.000000,0.998722,-0.048299,-0.014918,0.000000,-0.022267,-0.155386,-0.987603,0.000000,1.893476,1.886926,-0.041658,1.000000;;
        }

        Frame Bip01-L-UpperArm {
         

         FrameTransformMatrix {
          0.635234,-0.745560,-0.201539,0.000000,0.770864,0.628083,0.106207,0.000000,0.047400,-0.222825,0.973706,0.000000,5.103930,0.000002,0.000000,1.000000;;
         }

         Frame Bip01-L-Forearm {
          

          FrameTransformMatrix {
           0.509216,0.000000,-0.860639,0.000000,0.000000,1.000000,-0.000000,0.000000,0.860639,0.000000,0.509216,0.000000,6.374020,0.000000,0.000000,1.000000;;
          }

          Frame Bip01-L-Hand {
           

           FrameTransformMatrix {
            0.978337,-0.187245,0.088299,0.000000,-0.125759,-0.198734,0.971952,0.000000,-0.164445,-0.962000,-0.217976,0.000000,6.341948,0.000004,-0.000002,1.000000;;
           }

           Frame Bip01-L-Finger0 {
            

            FrameTransformMatrix {
             0.601273,-0.203464,0.772705,0.000000,0.798992,0.164117,-0.578513,0.000000,-0.009107,0.965230,0.261245,0.000000,6.737244,-4.683739,1.102852,1.000000;;
            }

            Frame Bip01-L-Finger01 {
             

             FrameTransformMatrix {
              0.996843,0.000000,0.079397,0.000000,0.000000,1.000000,-0.000000,0.000000,-0.079397,-0.000000,0.996843,0.000000,2.706032,0.000004,0.000002,1.000000;;
             }

             Frame Bip01-L-Finger02 {
              

              FrameTransformMatrix {
               0.974807,-0.000000,0.223052,0.000000,-0.000000,1.000000,-0.000000,0.000000,-0.223052,0.000000,0.974806,0.000000,2.683031,0.000000,0.000000,1.000000;;
              }

              Frame Bip01-L-Finger0Nub {
               

               FrameTransformMatrix {
                1.000000,-0.000000,-0.000000,0.000000,0.000000,1.000000,-0.000000,0.000000,0.000000,-0.000000,1.000000,0.000000,3.052612,-0.000001,0.000000,1.000000;;
               }
              }
             }
            }
           }

           Frame Bip01-L-Finger1 {
            

            FrameTransformMatrix {
             0.821193,-0.000454,0.570651,0.000000,-0.000000,1.000000,0.000796,0.000000,-0.570651,-0.000654,0.821193,0.000000,11.736911,-2.632372,0.522436,1.000000;;
            }

            Frame Bip01-L-Finger11 {
             

             FrameTransformMatrix {
              0.971147,-0.000000,0.238480,0.000000,0.000000,1.000000,-0.000000,0.000000,-0.238480,0.000000,0.971147,0.000000,2.625811,0.000000,0.000004,1.000000;;
             }

             Frame Bip01-L-Finger12 {
              

              FrameTransformMatrix {
               0.818870,0.000000,0.573979,0.000000,-0.000000,1.000000,0.000000,0.000000,-0.573979,-0.000000,0.818870,0.000000,2.558503,0.000000,-0.000002,1.000000;;
              }

              Frame Bip01-L-Finger1Nub {
               

               FrameTransformMatrix {
                1.000000,-0.000000,0.000000,0.000000,-0.000000,1.000000,-0.000000,0.000000,-0.000000,0.000000,1.000000,0.000000,3.406432,0.000000,0.000000,1.000000;;
               }
              }
             }
            }
           }

           Frame Bip01-L-Finger2 {
            

            FrameTransformMatrix {
             0.859892,0.060872,0.506835,0.000000,-0.052789,0.998146,-0.030317,0.000000,-0.507741,-0.000686,0.861510,0.000000,10.927422,1.947004,0.382942,1.000000;;
            }

            Frame Bip01-L-Finger21 {
             

             FrameTransformMatrix {
              0.914574,0.000000,0.404418,0.000000,-0.000000,1.000000,-0.000000,0.000000,-0.404418,-0.000000,0.914574,0.000000,2.860460,0.000000,0.000002,1.000000;;
             }

             Frame Bip01-L-Finger22 {
              

              FrameTransformMatrix {
               0.902169,-0.000000,0.431383,0.000000,0.000000,1.000000,0.000000,0.000000,-0.431383,-0.000000,0.902169,0.000000,1.888951,-0.000001,0.000000,1.000000;;
              }

              Frame Bip01-L-Finger2Nub {
               

               FrameTransformMatrix {
                1.000000,0.000000,0.000000,0.000000,-0.000000,1.000000,-0.000000,0.000000,-0.000000,-0.000000,1.000000,0.000000,3.442228,-0.000002,-0.000002,1.000000;;
               }
              }
             }
            }
           }

           Frame Bone02 {
            

            FrameTransformMatrix {
             -0.039216,-0.309107,-0.950219,0.000000,0.059231,-0.949997,0.306591,0.000000,-0.997474,-0.044259,0.055563,0.000000,6.108660,-1.377213,-3.646931,1.000000;;
            }
           }

           Frame FxHand00 {
            

            FrameTransformMatrix {
             0.761632,-0.527234,0.376752,0.000000,-0.475746,-0.849699,-0.227328,0.000000,0.439981,-0.006098,-0.897987,0.000000,9.080994,-0.160572,4.165396,1.000000;;
            }
           }
          }

          Frame Bone09 {
           

           FrameTransformMatrix {
            -0.214893,0.965267,-0.148599,0.000000,0.134407,-0.121476,-0.983452,0.000000,-0.967345,-0.231309,-0.103634,0.000000,4.262485,1.299381,0.207949,1.000000;;
           }
          }
         }
        }
       }

       Frame Bip01-R-Clavicle {
        

        FrameTransformMatrix {
         -0.572627,-0.807928,-0.139107,0.000000,-0.819555,0.568427,0.072252,0.000000,0.020698,0.155380,-0.987638,0.000000,0.652594,-7.088442,-0.040645,1.000000;;
        }

        Frame Bip01-R-UpperArm {
         

         FrameTransformMatrix {
          0.881332,-0.119260,0.457200,0.000000,0.056551,0.987291,0.148522,0.000000,-0.469102,-0.105042,0.876875,0.000000,5.103929,0.000002,0.000000,1.000000;;
         }

         Frame Bip01-R-Forearm {
          

          FrameTransformMatrix {
           0.575569,0.000000,-0.817753,0.000000,-0.000000,1.000000,-0.000000,0.000000,0.817753,0.000000,0.575569,0.000000,6.374022,0.000002,0.000000,1.000000;;
          }

          Frame Bip01-R-Hand {
           

           FrameTransformMatrix {
            0.975771,0.190999,0.106731,0.000000,0.144309,-0.195143,-0.970100,0.000000,-0.164460,0.961998,-0.217978,0.000000,6.341944,-0.000002,0.000002,1.000000;;
           }

           Frame Bip01-R-Finger0 {
            

            FrameTransformMatrix {
             0.574146,0.494238,0.652752,0.000000,-0.798992,0.164117,0.578513,0.000000,0.178796,-0.853695,0.489120,0.000000,6.737245,4.683736,1.102856,1.000000;;
            }

            Frame Bip01-R-Finger01 {
             

             FrameTransformMatrix {
              0.835975,-0.000000,0.548767,0.000000,0.000000,1.000000,0.000000,0.000000,-0.548767,0.000000,0.835975,0.000000,2.706032,0.000000,0.000002,1.000000;;
             }

             Frame Bip01-R-Finger02 {
              

              FrameTransformMatrix {
               0.675273,-0.000000,0.737568,0.000000,0.000000,1.000000,0.000000,0.000000,-0.737568,0.000000,0.675273,0.000000,2.683032,0.000002,0.000000,1.000000;;
              }

              Frame Bip01-R-Finger0Nub {
               

               FrameTransformMatrix {
                -1.000000,-0.000000,0.000691,0.000000,-0.000000,1.000000,0.000000,0.000000,-0.000691,0.000000,-1.000000,0.000000,3.052615,0.000000,0.000000,1.000000;;
               }
              }
             }
            }
           }

           Frame Bip01-R-Finger1 {
            

            FrameTransformMatrix {
             0.261818,0.239308,0.934978,0.000000,-0.281542,0.945572,-0.163180,0.000000,-0.923139,-0.220512,0.314943,0.000000,11.736909,2.632374,0.522436,1.000000;;
            }

            Frame Bip01-R-Finger11 {
             

             FrameTransformMatrix {
              0.707605,0.000000,0.706609,0.000000,-0.000000,1.000000,0.000000,0.000000,-0.706609,-0.000000,0.707605,0.000000,2.625814,-0.000000,0.000002,1.000000;;
             }

             Frame Bip01-R-Finger12 {
              

              FrameTransformMatrix {
               0.403690,0.000000,0.914896,0.000000,0.000000,1.000000,-0.000000,0.000000,-0.914896,-0.000000,0.403690,0.000000,2.558504,-0.000002,0.000000,1.000000;;
              }

              Frame Bip01-R-Finger1Nub {
               

               FrameTransformMatrix {
                -1.000000,0.000000,-0.000690,0.000000,-0.000000,1.000000,0.000000,0.000000,0.000690,0.000000,-1.000000,0.000000,3.406433,0.000000,0.000000,1.000000;;
               }
              }
             }
            }
           }

           Frame Bip01-R-Finger2 {
            

            FrameTransformMatrix {
             0.339523,0.294991,0.893144,0.000000,-0.049144,0.953815,-0.296348,0.000000,-0.939314,0.056724,0.338339,0.000000,10.927422,-1.947003,0.382946,1.000000;;
            }

            Frame Bip01-R-Finger21 {
             

             FrameTransformMatrix {
              0.698185,-0.000000,0.715918,0.000000,-0.000000,1.000000,0.000000,0.000000,-0.715918,-0.000000,0.698185,0.000000,2.860460,0.000000,0.000000,1.000000;;
             }

             Frame Bip01-R-Finger22 {
              

              FrameTransformMatrix {
               0.676630,0.000000,0.736323,0.000000,0.000000,1.000000,0.000000,0.000000,-0.736323,0.000000,0.676630,0.000000,1.888950,-0.000000,0.000002,1.000000;;
              }

              Frame Bip01-R-Finger2Nub {
               

               FrameTransformMatrix {
                -1.000000,-0.000000,-0.000690,0.000000,-0.000000,1.000000,0.000000,0.000000,0.000690,0.000000,-1.000000,0.000000,3.442229,-0.000000,0.000002,1.000000;;
               }
              }
             }
            }
           }

           Frame Bone04 {
            

            FrameTransformMatrix {
             -0.033351,0.297527,-0.954131,0.000000,0.109272,0.950024,0.292427,0.000000,0.993452,-0.094507,-0.064195,0.000000,6.184043,1.158399,-2.863613,1.000000;;
            }
           }

           Frame FxHand01 {
            

            FrameTransformMatrix {
             0.362367,0.924864,-0.115405,0.000000,-0.511130,0.093653,-0.854386,0.000000,-0.779382,0.368588,0.506662,0.000000,9.702957,1.116162,3.559442,1.000000;;
            }
           }
          }

          Frame Bone07 {
           

           FrameTransformMatrix {
            -0.188790,-0.973416,-0.129694,0.000000,0.125789,0.107010,-0.986269,0.000000,0.973928,-0.202512,0.102243,0.000000,3.830083,-3.151896,-0.074083,1.000000;;
           }
          }
         }
        }
       }
      }

      Frame Bone03 {
       

       FrameTransformMatrix {
        -0.086369,0.407388,0.909162,0.000000,-0.508685,-0.802683,0.311351,0.000000,0.856610,-0.435585,0.276559,0.000000,1.505171,4.468667,5.530100,1.000000;;
       }
      }

      Frame Bone06 {
       

       FrameTransformMatrix {
        0.412184,-0.000012,-0.911101,0.000000,0.018842,-0.999786,0.008538,0.000000,-0.910906,-0.020686,-0.412096,0.000000,2.322380,-0.000020,-6.855886,1.000000;;
       }
      }

      Frame Bone01 {
       

       FrameTransformMatrix {
        0.989479,-0.144522,0.006657,0.000000,-0.023198,-0.113070,0.993316,0.000000,-0.142803,-0.983020,-0.115233,0.000000,7.766811,-3.243997,-0.855829,1.000000;;
       }

       Frame Bone12 {
        

        FrameTransformMatrix {
         -0.012292,0.931772,0.362838,0.000000,0.191488,-0.353956,0.915450,0.000000,0.981419,0.080732,-0.174072,0.000000,4.004368,2.715876,0.540667,1.000000;;
        }
       }
      }

      Frame Point09 {
       

       FrameTransformMatrix {
        -0.000000,1.000000,-0.000001,0.000000,-0.099191,0.000001,0.995068,0.000000,0.995068,0.000000,0.099191,0.000000,0.654243,-5.205222,3.273278,1.000000;;
       }

       Frame Point10_skin {
        

        FrameTransformMatrix {
         0.254162,-0.863455,-0.435715,0.000000,-0.037908,-0.459056,0.887598,0.000000,-0.966419,-0.209076,-0.149407,0.000000,-1.682102,5.838301,2.946110,1.000000;;
        }
       }
      }
     }

     Frame FxCenter {
      

      FrameTransformMatrix {
       0.095685,-0.275947,0.956398,0.000000,0.985277,-0.110503,-0.130458,0.000000,0.141684,0.954800,0.261311,0.000000,1.523058,-0.000002,-0.159444,1.000000;;
      }
     }
    }

    Frame Bip01-L-Thigh {
     

     FrameTransformMatrix {
      -0.719464,0.325790,0.613379,0.000000,-0.404139,-0.914622,0.011757,0.000000,0.564840,-0.239432,0.789701,0.000000,-3.371084,5.797625,-2.550959,1.000000;;
     }

     Frame Bip01-L-Calf {
      

      FrameTransformMatrix {
       0.573980,0.000000,-0.818869,0.000000,-0.000000,1.000000,0.000000,0.000000,0.818869,-0.000000,0.573980,0.000000,4.790384,0.000000,-0.000000,1.000000;;
      }

      Frame Bip01-L-Foot {
       

       FrameTransformMatrix {
        0.899761,0.236023,0.367047,0.000000,-0.212679,0.971632,-0.103441,0.000000,-0.381049,0.015009,0.924433,0.000000,2.804256,0.000000,0.000000,1.000000;;
       }

       Frame Bip01-L-Toe0 {
        

        FrameTransformMatrix {
         0.000345,0.000000,1.000000,0.000000,-0.000000,1.000000,-0.000000,0.000000,-1.000000,-0.000000,0.000345,0.000000,1.914379,-0.000001,5.223650,1.000000;;
        }

        Frame Bip01-L-Toe0Nub {
         

         FrameTransformMatrix {
          -1.000000,0.000000,-0.000690,0.000000,0.000000,1.000000,0.000000,0.000000,0.000690,0.000000,-1.000000,0.000000,0.249702,0.000000,0.000000,1.000000;;
         }
        }
       }
      }
     }
    }

    Frame Bip01-R-Thigh {
     

     FrameTransformMatrix {
      -0.774863,-0.572412,0.268203,0.000000,0.412686,-0.779470,-0.471294,0.000000,0.478830,-0.254503,0.840208,0.000000,-1.728254,-6.581292,-2.277291,1.000000;;
     }

     Frame Bip01-R-Calf {
      

      FrameTransformMatrix {
       -0.347978,0.000000,-0.937503,0.000000,-0.000000,1.000000,-0.000000,0.000000,0.937503,0.000000,-0.347978,0.000000,4.790385,0.000000,0.000000,1.000000;;
      }

      Frame Bip01-R-Foot {
       

       FrameTransformMatrix {
        0.821259,-0.445784,0.356104,0.000000,0.461000,0.886197,0.046198,0.000000,-0.336173,0.126224,0.933304,0.000000,2.804256,0.000000,0.000000,1.000000;;
       }

       Frame Bip01-R-Toe0 {
        

        FrameTransformMatrix {
         -0.285246,-0.178033,0.941775,0.000000,0.041878,0.979344,0.197819,0.000000,-0.957539,0.095866,-0.271898,0.000000,1.914380,0.000000,5.223648,1.000000;;
        }

        Frame Bip01-R-Toe0Nub {
         

         FrameTransformMatrix {
          1.000000,0.000000,0.000000,0.000000,-0.000000,1.000000,0.000000,0.000000,-0.000000,-0.000000,1.000000,0.000000,0.249701,-0.000001,-0.000000,1.000000;;
         }
        }
       }
      }
     }
    }

    Frame Point06 {
     

     FrameTransformMatrix {
      0.000000,1.000000,0.000002,0.000000,0.193534,-0.000002,0.981094,0.000000,0.981094,0.000000,-0.193533,0.000000,0.685604,-4.689335,-6.209476,1.000000;;
     }

     Frame Point05_skin {
      

      FrameTransformMatrix {
       0.556245,0.731002,0.395257,0.000000,-0.430107,-0.153725,0.889594,0.000000,0.711055,-0.664835,0.228900,0.000000,-3.435774,-4.515194,-2.441395,1.000000;;
      }
     }
    }

    Frame Point01 {
     

     FrameTransformMatrix {
      0.000000,1.000000,0.000002,0.000000,0.193534,-0.000002,0.981094,0.000000,0.981094,0.000000,-0.193533,0.000000,2.353782,-3.821184,1.952986,1.000000;;
     }

     Frame Point02_skin {
      

      FrameTransformMatrix {
       0.575543,-0.725453,0.377451,0.000000,-0.324857,0.220757,0.919639,0.000000,-0.750479,-0.651909,-0.108613,0.000000,-5.346904,7.224588,-3.612210,1.000000;;
      }
     }
    }

    Frame Point08 {
     

     FrameTransformMatrix {
      0.000000,1.000000,0.000002,0.000000,0.193534,-0.000002,0.981094,0.000000,0.981094,0.000000,-0.193533,0.000000,0.685610,4.689310,-6.209490,1.000000;;
     }

     Frame Point07_skin {
      

      FrameTransformMatrix {
       -0.556242,0.731005,0.395257,0.000000,0.119902,-0.400055,0.908614,0.000000,0.822325,0.552801,0.134878,0.000000,3.561216,-4.680087,-2.530540,1.000000;;
      }
     }
    }

    Frame Point04 {
     

     FrameTransformMatrix {
      0.000000,1.000000,0.000002,0.000000,0.193534,-0.000002,0.981094,0.000000,0.981094,0.000000,-0.193533,0.000000,2.353790,3.821186,1.952976,1.000000;;
     }

     Frame Point03_skin {
      

      FrameTransformMatrix {
       -0.559186,-0.740246,0.373293,0.000000,0.010618,0.443838,0.896044,0.000000,-0.828974,0.505019,-0.240328,0.000000,5.101995,6.753977,-3.405910,1.000000;;
      }
     }
    }
   }
  }
 }

 Frame FxBottom {
  

  FrameTransformMatrix {
   1.000000,0.000000,0.000000,0.000000,0.000000,1.000000,0.000000,0.000000,0.000000,-0.000000,1.000000,0.000000,0.000000,-22.344222,0.000000,1.000000;;
  }
 }
}

Frame PollutedEarthSpirit_Skel {
 

 FrameTransformMatrix {
  1.000000,0.000000,0.000000,0.000000,0.000000,1.000000,0.000000,0.000000,0.000000,0.000000,1.000000,0.000000,0.000000,0.000000,0.000000,1.000000;;
 }

 Mesh  {
  10635;
  1.558716;25.625485;8.881840;,
  -0.067484;23.758272;8.699255;,
  1.941446;24.802851;8.683413;,
  -0.067484;23.758272;8.699255;,
  1.558716;25.625485;8.881840;,
  0.762979;24.911986;9.033545;,
  0.084444;24.076224;9.927342;,
  -0.067484;23.758272;8.699255;,
  0.762979;24.911986;9.033545;,
  -0.067484;23.758272;8.699255;,
  0.084444;24.076224;9.927342;,
  -0.761179;23.347741;9.188822;,
  -1.292986;22.626691;11.343440;,
  -0.761179;23.347741;9.188822;,
  0.084444;24.076224;9.927342;,
  -0.761179;23.347741;9.188822;,
  -1.292986;22.626691;11.343440;,
  -1.980751;22.140074;10.572715;,
  -1.512448;22.169125;11.728628;,
  -1.980751;22.140074;10.572715;,
  -1.292986;22.626691;11.343440;,
  -1.980751;22.140074;10.572715;,
  -1.512448;22.169125;11.728628;,
  -2.063314;21.647670;10.893572;,
  -1.510002;21.673058;12.116874;,
  -2.063314;21.647670;10.893572;,
  -1.512448;22.169125;11.728628;,
  -2.063314;21.647670;10.893572;,
  -1.510002;21.673058;12.116874;,
  -1.987933;21.056371;11.120446;,
  -1.510002;21.673058;12.116874;,
  -1.811208;19.425646;11.337443;,
  -1.987933;21.056371;11.120446;,
  -1.811208;19.425646;11.337443;,
  -1.510002;21.673058;12.116874;,
  -0.968743;20.040912;13.057117;,
  -1.510002;21.673058;12.116874;,
  -1.702358;21.145027;14.491653;,
  -0.968743;20.040912;13.057117;,
  -1.702358;21.145027;14.491653;,
  -1.510002;21.673058;12.116874;,
  -2.041831;22.363811;12.953570;,
  -1.510002;21.673058;12.116874;,
  -1.923247;22.793467;12.449387;,
  -2.041831;22.363811;12.953570;,
  -1.923247;22.793467;12.449387;,
  -1.510002;21.673058;12.116874;,
  -1.512448;22.169125;11.728628;,
  -1.512448;22.169125;11.728628;,
  -1.630430;23.256974;12.032026;,
  -1.923247;22.793467;12.449387;,
  -1.630430;23.256974;12.032026;,
  -1.512448;22.169125;11.728628;,
  -1.292986;22.626691;11.343440;,
  -1.292986;22.626691;11.343440;,
  0.049676;25.093387;10.936522;,
  -1.630430;23.256974;12.032026;,
  0.049676;25.093387;10.936522;,
  -1.292986;22.626691;11.343440;,
  0.084444;24.076224;9.927342;,
  0.084444;24.076224;9.927342;,
  0.847480;26.315954;10.489328;,
  0.049676;25.093387;10.936522;,
  0.847480;26.315954;10.489328;,
  0.084444;24.076224;9.927342;,
  0.762979;24.911986;9.033545;,
  -1.630430;23.256974;12.032026;,
  -1.876342;25.297480;11.899089;,
  -2.535012;23.762571;12.396123;,
  -1.876342;25.297480;11.899089;,
  -1.630430;23.256974;12.032026;,
  0.049676;25.093387;10.936522;,
  0.049676;25.093387;10.936522;,
  -1.545390;26.517611;11.575687;,
  -1.876342;25.297480;11.899089;,
  0.847480;26.315954;10.489328;,
  -1.545390;26.517611;11.575687;,
  0.049676;25.093387;10.936522;,
  -5.411321;23.130117;10.863038;,
  -5.237518;25.351093;10.814860;,
  -5.788928;25.022728;9.489121;,
  -5.046806;26.134933;10.378223;,
  -5.788928;25.022728;9.489121;,
  -5.237518;25.351093;10.814860;,
  -5.237518;25.351093;10.814860;,
  -3.713318;26.773274;11.469881;,
  -5.046806;26.134933;10.378223;,
  -3.640346;27.950221;10.886994;,
  -5.046806;26.134933;10.378223;,
  -3.713318;26.773274;11.469881;,
  -3.713318;26.773274;11.469881;,
  -1.205116;27.466710;10.934237;,
  -3.640346;27.950221;10.886994;,
  -1.031004;28.172784;10.652796;,
  -3.640346;27.950221;10.886994;,
  -1.205116;27.466710;10.934237;,
  0.847480;26.315954;10.489328;,
  -1.031004;28.172784;10.652796;,
  -1.205116;27.466710;10.934237;,
  -1.031004;28.172784;10.652796;,
  0.847480;26.315954;10.489328;,
  1.163769;27.196675;10.116347;,
  0.847480;26.315954;10.489328;,
  1.558716;25.625485;8.881840;,
  1.163769;27.196675;10.116347;,
  1.558716;25.625485;8.881840;,
  0.847480;26.315954;10.489328;,
  0.762979;24.911986;9.033545;,
  -6.605692;20.725082;12.447098;,
  -4.956401;21.337250;10.961634;,
  -5.810648;19.857149;10.994118;,
  -4.956401;21.337250;10.961634;,
  -6.605692;20.725082;12.447098;,
  -5.507998;22.029842;11.659009;,
  -6.605692;20.725082;12.447098;,
  -5.058025;22.675077;12.662894;,
  -5.507998;22.029842;11.659009;,
  -5.058025;22.675077;12.662894;,
  -5.348010;22.575592;11.285259;,
  -5.507998;22.029842;11.659009;,
  -5.348010;22.575592;11.285259;,
  -5.058025;22.675077;12.662894;,
  -4.935283;23.246795;12.300161;,
  -4.935283;23.246795;12.300161;,
  -5.411321;23.130117;10.863038;,
  -5.348010;22.575592;11.285259;,
  -5.411321;23.130117;10.863038;,
  -4.935283;23.246795;12.300161;,
  -4.987893;23.905237;12.006772;,
  -5.237518;25.351093;10.814860;,
  -5.411321;23.130117;10.863038;,
  -4.987893;23.905237;12.006772;,
  -4.987893;23.905237;12.006772;,
  -3.812841;25.691381;12.032670;,
  -5.237518;25.351093;10.814860;,
  -3.713318;26.773274;11.469881;,
  -5.237518;25.351093;10.814860;,
  -3.812841;25.691381;12.032670;,
  -3.812841;25.691381;12.032670;,
  -1.545390;26.517611;11.575687;,
  -3.713318;26.773274;11.469881;,
  -1.205116;27.466710;10.934237;,
  -3.713318;26.773274;11.469881;,
  -1.545390;26.517611;11.575687;,
  -1.545390;26.517611;11.575687;,
  0.847480;26.315954;10.489328;,
  -1.205116;27.466710;10.934237;,
  -4.765728;22.403808;10.168559;,
  -5.348010;22.575592;11.285259;,
  -5.411321;23.130117;10.863038;,
  -5.348010;22.575592;11.285259;,
  -4.765728;22.403808;10.168559;,
  -4.782246;21.905098;10.627498;,
  -4.782246;21.905098;10.627498;,
  -5.507998;22.029842;11.659009;,
  -5.348010;22.575592;11.285259;,
  -5.507998;22.029842;11.659009;,
  -4.782246;21.905098;10.627498;,
  -4.956401;21.337250;10.961634;,
  -3.530268;20.855730;10.731160;,
  -3.378160;19.033038;10.830545;,
  -4.330772;19.248584;10.707965;,
  -4.330772;19.248584;10.707965;,
  -4.956401;21.337250;10.961634;,
  -3.530268;20.855730;10.731160;,
  -4.956401;21.337250;10.961634;,
  -3.440346;21.445813;10.438154;,
  -3.530268;20.855730;10.731160;,
  -3.440346;21.445813;10.438154;,
  -4.956401;21.337250;10.961634;,
  -4.782246;21.905098;10.627498;,
  -4.782246;21.905098;10.627498;,
  -3.352295;21.913446;9.998363;,
  -3.440346;21.445813;10.438154;,
  -3.352295;21.913446;9.998363;,
  -4.782246;21.905098;10.627498;,
  -4.765728;22.403808;10.168559;,
  -4.765728;22.403808;10.168559;,
  -3.392350;22.799987;8.919466;,
  -3.352295;21.913446;9.998363;,
  -3.392350;22.799987;8.919466;,
  -4.765728;22.403808;10.168559;,
  -5.405178;24.067016;8.616774;,
  -5.411321;23.130117;10.863038;,
  -5.405178;24.067016;8.616774;,
  -4.765728;22.403808;10.168559;,
  -5.405178;24.067016;8.616774;,
  -5.411321;23.130117;10.863038;,
  -5.788928;25.022728;9.489121;,
  -5.046806;26.134933;10.378223;,
  -3.640346;27.950221;10.886994;,
  -5.283837;27.041530;10.215470;,
  -5.283837;27.041530;10.215470;,
  -5.788928;25.022728;9.489121;,
  -5.046806;26.134933;10.378223;,
  -5.788928;25.022728;9.489121;,
  -5.283837;27.041530;10.215470;,
  -5.887938;25.828837;9.021844;,
  -5.639128;24.580200;8.392850;,
  -5.788928;25.022728;9.489121;,
  -5.887938;25.828837;9.021844;,
  -5.887938;25.828837;9.021844;,
  -6.575554;25.263790;8.593242;,
  -5.639128;24.580200;8.392850;,
  -6.523741;23.492069;8.488458;,
  -5.639128;24.580200;8.392850;,
  -6.575554;25.263790;8.593242;,
  -5.639128;24.580200;8.392850;,
  -6.523741;23.492069;8.488458;,
  -4.791340;23.553496;8.520117;,
  -3.392350;22.799987;8.919466;,
  -5.639128;24.580200;8.392850;,
  -4.791340;23.553496;8.520117;,
  -5.639128;24.580200;8.392850;,
  -3.392350;22.799987;8.919466;,
  -5.405178;24.067016;8.616774;,
  -5.788928;25.022728;9.489121;,
  -5.639128;24.580200;8.392850;,
  -5.405178;24.067016;8.616774;,
  -3.640346;27.950221;10.886994;,
  -1.031004;28.172784;10.652796;,
  -3.669521;28.545853;10.513247;,
  -3.669521;28.545853;10.513247;,
  -5.283837;27.041530;10.215470;,
  -3.640346;27.950221;10.886994;,
  -5.283837;27.041530;10.215470;,
  -3.669521;28.545853;10.513247;,
  -5.358247;27.874416;9.912850;,
  -6.291638;27.081258;9.299986;,
  -5.283837;27.041530;10.215470;,
  -5.358247;27.874416;9.912850;,
  -5.283837;27.041530;10.215470;,
  -6.291638;27.081258;9.299986;,
  -5.887938;25.828837;9.021844;,
  -6.575554;25.263790;8.593242;,
  -5.887938;25.828837;9.021844;,
  -6.291638;27.081258;9.299986;,
  -6.129600;39.794371;2.335616;,
  -6.176942;37.265786;3.770906;,
  -6.025346;39.420448;3.789655;,
  -4.327488;39.729094;5.774804;,
  -5.877574;37.262285;5.319650;,
  -4.275127;37.846970;6.256226;,
  -5.877574;37.262285;5.319650;,
  -4.114919;36.026237;6.722542;,
  -4.275127;37.846970;6.256226;,
  -4.114919;36.026237;6.722542;,
  -5.877574;37.262285;5.319650;,
  -5.855620;35.355568;5.399185;,
  -5.877574;37.262285;5.319650;,
  -6.384842;35.578454;3.783787;,
  -5.855620;35.355568;5.399185;,
  -6.384842;35.578454;3.783787;,
  -5.877574;37.262285;5.319650;,
  -6.176942;37.265786;3.770906;,
  -5.571402;39.414115;4.996914;,
  -6.176942;37.265786;3.770906;,
  -5.877574;37.262285;5.319650;,
  -6.176942;37.265786;3.770906;,
  -5.571402;39.414115;4.996914;,
  -6.025346;39.420448;3.789655;,
  -5.224307;40.743728;4.893186;,
  -6.025346;39.420448;3.789655;,
  -5.571402;39.414115;4.996914;,
  -6.025346;39.420448;3.789655;,
  -5.224307;40.743728;4.893186;,
  -5.436828;41.058717;3.849932;,
  -5.436828;41.058717;3.849932;,
  -6.129600;39.794371;2.335616;,
  -6.025346;39.420448;3.789655;,
  -6.129600;39.794371;2.335616;,
  -5.436828;41.058717;3.849932;,
  -5.381962;41.081680;2.795833;,
  -5.381962;41.081680;2.795833;,
  -5.020598;39.906531;1.167905;,
  -6.129600;39.794371;2.335616;,
  -5.020598;39.906531;1.167905;,
  -5.381962;41.081680;2.795833;,
  -4.836042;41.032349;1.849899;,
  -5.877574;37.262285;5.319650;,
  -4.327488;39.729094;5.774804;,
  -5.571402;39.414115;4.996914;,
  -4.327488;39.729094;5.774804;,
  -5.224307;40.743728;4.893186;,
  -5.571402;39.414115;4.996914;,
  -5.224307;40.743728;4.893186;,
  -4.327488;39.729094;5.774804;,
  -4.623526;41.160803;5.292299;,
  -4.629374;41.684128;4.105518;,
  -5.224307;40.743728;4.893186;,
  -4.623526;41.160803;5.292299;,
  -5.224307;40.743728;4.893186;,
  -4.629374;41.684128;4.105518;,
  -5.436828;41.058717;3.849932;,
  -4.497600;41.892838;2.992136;,
  -5.436828;41.058717;3.849932;,
  -4.629374;41.684128;4.105518;,
  -5.436828;41.058717;3.849932;,
  -4.497600;41.892838;2.992136;,
  -5.381962;41.081680;2.795833;,
  -3.961478;41.568550;1.939197;,
  -5.381962;41.081680;2.795833;,
  -4.497600;41.892838;2.992136;,
  -5.381962;41.081680;2.795833;,
  -3.961478;41.568550;1.939197;,
  -4.836042;41.032349;1.849899;,
  -3.588824;40.366624;0.613171;,
  -4.836042;41.032349;1.849899;,
  -3.961478;41.568550;1.939197;,
  -4.836042;41.032349;1.849899;,
  -3.588824;40.366624;0.613171;,
  -5.020598;39.906531;1.167905;,
  -3.588824;40.366624;0.613171;,
  -5.037871;38.494118;0.302287;,
  -5.020598;39.906531;1.167905;,
  -5.037871;38.494118;0.302287;,
  -3.588824;40.366624;0.613171;,
  -3.362394;38.487568;-0.192040;,
  -3.362394;38.487568;-0.192040;,
  -5.228498;36.849389;-0.225166;,
  -5.037871;38.494118;0.302287;,
  -5.228498;36.849389;-0.225166;,
  -3.362394;38.487568;-0.192040;,
  -3.441649;37.445629;-0.715403;,
  -3.984142;36.888061;-1.368066;,
  -5.228498;36.849389;-0.225166;,
  -3.441649;37.445629;-0.715403;,
  -5.228498;36.849389;-0.225166;,
  -3.984142;36.888061;-1.368066;,
  -5.669046;35.158042;-0.849049;,
  -3.964889;36.549667;-1.906036;,
  -5.669046;35.158042;-0.849049;,
  -3.984142;36.888061;-1.368066;,
  -5.669046;35.158042;-0.849049;,
  -3.964889;36.549667;-1.906036;,
  -5.575122;35.005718;-2.256897;,
  -3.964889;36.549667;-1.906036;,
  -5.261220;34.667523;-3.107203;,
  -5.575122;35.005718;-2.256897;,
  -5.261220;34.667523;-3.107203;,
  -6.219269;33.306912;-1.440046;,
  -5.575122;35.005718;-2.256897;,
  -6.219269;33.306912;-1.440046;,
  -5.261220;34.667523;-3.107203;,
  -5.666087;33.177206;-2.502983;,
  -5.575122;35.005718;-2.256897;,
  -6.219269;33.306912;-1.440046;,
  -5.669046;35.158042;-0.849049;,
  -6.567799;32.775632;1.122527;,
  -5.669046;35.158042;-0.849049;,
  -6.219269;33.306912;-1.440046;,
  -6.909226;31.600288;-1.167960;,
  -6.567799;32.775632;1.122527;,
  -6.219269;33.306912;-1.440046;,
  -5.261220;34.667523;-3.107203;,
  -3.964889;36.549667;-1.906036;,
  -4.288804;35.667261;-2.808824;,
  -3.964889;36.549667;-1.906036;,
  -3.581290;36.997168;-3.030490;,
  -4.288804;35.667261;-2.808824;,
  -7.387748;31.079552;1.808457;,
  -6.909226;31.600288;-1.167960;,
  -7.414760;31.384461;-0.793279;,
  -6.909226;31.600288;-1.167960;,
  -7.387748;31.079552;1.808457;,
  -7.221785;31.762157;1.726221;,
  -6.567799;32.775632;1.122527;,
  -6.909226;31.600288;-1.167960;,
  -7.221785;31.762157;1.726221;,
  -7.221785;31.762157;1.726221;,
  -6.400376;32.151178;3.693870;,
  -6.567799;32.775632;1.122527;,
  -6.400376;32.151178;3.693870;,
  -6.374370;34.525117;1.451704;,
  -6.567799;32.775632;1.122527;,
  -5.669046;35.158042;-0.849049;,
  -6.567799;32.775632;1.122527;,
  -6.374370;34.525117;1.451704;,
  -6.374370;34.525117;1.451704;,
  -5.228498;36.849389;-0.225166;,
  -5.669046;35.158042;-0.849049;,
  -7.414760;31.384461;-0.793279;,
  -7.643606;30.227299;-2.323001;,
  -7.611760;30.430698;-0.440143;,
  -7.542948;30.054589;1.404096;,
  -7.414760;31.384461;-0.793279;,
  -7.611760;30.430698;-0.440143;,
  -7.414760;31.384461;-0.793279;,
  -7.542948;30.054589;1.404096;,
  -7.387748;31.079552;1.808457;,
  -7.542948;30.054589;1.404096;,
  -7.191493;30.624160;4.121719;,
  -7.387748;31.079552;1.808457;,
  -7.191493;30.624160;4.121719;,
  -7.221785;31.762157;1.726221;,
  -7.387748;31.079552;1.808457;,
  -7.221785;31.762157;1.726221;,
  -7.191493;30.624160;4.121719;,
  -6.791098;31.189626;3.868712;,
  -6.400376;32.151178;3.693870;,
  -7.221785;31.762157;1.726221;,
  -6.791098;31.189626;3.868712;,
  -6.791098;31.189626;3.868712;,
  -5.288655;32.738250;6.146343;,
  -6.400376;32.151178;3.693870;,
  -5.562246;33.790915;5.713606;,
  -6.400376;32.151178;3.693870;,
  -5.288655;32.738250;6.146343;,
  -6.400376;32.151178;3.693870;,
  -5.562246;33.790915;5.713606;,
  -6.424579;33.881904;3.684471;,
  -5.562246;33.790915;5.713606;,
  -3.150457;33.017651;7.030549;,
  -3.814819;34.486166;6.646615;,
  -3.150457;33.017651;7.030549;,
  -5.562246;33.790915;5.713606;,
  -5.288655;32.738250;6.146343;,
  -5.039560;31.585917;6.443204;,
  -3.150457;33.017651;7.030549;,
  -5.288655;32.738250;6.146343;,
  -5.288655;32.738250;6.146343;,
  -6.791098;31.189626;3.868712;,
  -5.039560;31.585917;6.443204;,
  -6.791098;31.189626;3.868712;,
  -5.757969;30.605235;7.325559;,
  -5.039560;31.585917;6.443204;,
  -5.757969;30.605235;7.325559;,
  -6.791098;31.189626;3.868712;,
  -7.191493;30.624160;4.121719;,
  -7.191493;30.624160;4.121719;,
  -7.110414;29.596950;6.720634;,
  -5.757969;30.605235;7.325559;,
  -7.110414;29.596950;6.720634;,
  -7.191493;30.624160;4.121719;,
  -7.634394;29.536618;4.159176;,
  -8.840599;27.465875;5.466056;,
  -7.110414;29.596950;6.720634;,
  -7.634394;29.536618;4.159176;,
  -7.634394;29.536618;4.159176;,
  -8.963405;27.292851;4.693510;,
  -8.840599;27.465875;5.466056;,
  -6.350772;29.586109;8.303339;,
  -5.757969;30.605235;7.325559;,
  -7.110414;29.596950;6.720634;,
  -5.757969;30.605235;7.325559;,
  -6.350772;29.586109;8.303339;,
  -5.199150;30.238141;8.943022;,
  -5.199150;30.238141;8.943022;,
  -3.582711;31.187184;8.135214;,
  -5.757969;30.605235;7.325559;,
  -3.582711;31.187184;8.135214;,
  -5.039560;31.585917;6.443204;,
  -5.757969;30.605235;7.325559;,
  -5.039560;31.585917;6.443204;,
  -3.582711;31.187184;8.135214;,
  -2.889657;32.087386;7.888888;,
  -3.150457;33.017651;7.030549;,
  -5.039560;31.585917;6.443204;,
  -2.889657;32.087386;7.888888;,
  -1.870216;31.392714;8.628337;,
  -2.889657;32.087386;7.888888;,
  -3.582711;31.187184;8.135214;,
  -3.582711;31.187184;8.135214;,
  -1.258913;30.463258;9.728318;,
  -1.870216;31.392714;8.628337;,
  -1.258913;30.463258;9.728318;,
  -3.582711;31.187184;8.135214;,
  -3.709913;30.538707;9.310918;,
  -3.582711;31.187184;8.135214;,
  -5.199150;30.238141;8.943022;,
  -3.709913;30.538707;9.310918;,
  -8.054759;27.295571;7.090142;,
  -7.088717;28.829523;7.803773;,
  -7.110414;29.596950;6.720634;,
  -6.350772;29.586109;8.303339;,
  -7.110414;29.596950;6.720634;,
  -7.088717;28.829523;7.803773;,
  -7.088717;28.829523;7.803773;,
  -6.245252;28.552989;9.025189;,
  -6.350772;29.586109;8.303339;,
  -6.245252;28.552989;9.025189;,
  -5.199150;30.238141;8.943022;,
  -6.350772;29.586109;8.303339;,
  -5.199150;30.238141;8.943022;,
  -6.245252;28.552989;9.025189;,
  -5.314182;29.131053;9.755287;,
  -5.314182;29.131053;9.755287;,
  -3.709913;30.538707;9.310918;,
  -5.199150;30.238141;8.943022;,
  -3.709913;30.538707;9.310918;,
  -5.314182;29.131053;9.755287;,
  -3.707896;29.510925;10.306707;,
  -3.707896;29.510925;10.306707;,
  -1.258913;30.463258;9.728318;,
  -3.709913;30.538707;9.310918;,
  -1.258913;30.463258;9.728318;,
  -3.707896;29.510925;10.306707;,
  -1.104017;29.456243;10.622278;,
  -3.669521;28.545853;10.513247;,
  -1.104017;29.456243;10.622278;,
  -3.707896;29.510925;10.306707;,
  -1.104017;29.456243;10.622278;,
  -3.669521;28.545853;10.513247;,
  -1.031004;28.172784;10.652796;,
  -7.088717;28.829523;7.803773;,
  -8.054759;27.295571;7.090142;,
  -7.057374;27.514003;8.013503;,
  -6.245252;28.552989;9.025189;,
  -7.088717;28.829523;7.803773;,
  -7.057374;27.514003;8.013503;,
  -7.057374;27.514003;8.013503;,
